OTUId	L87107IM00	N08354M600	L08239SN00	M04248CT00	N18747SN02	N15954SN00	L19198M600	L13716Y100
JUJ_11738	16	9337	3500	117	28254	1205	23	207
JUJ_5994	0	0	0	0	0	0	0	0
JUJ_3319	0	32	340	1	0	0	12	29
JUJ_5660	131	143	16056	417	33	84	13957	2222
JUJ_9188	0	0	3	0	0	0	0	0
JUJ_5431	0	132	912	30	0	3	7	12
JUJ_304	19	377	13266	10068	15	20	38578	474
JUJ_16470	888	2359	35469	44261	1375	121	16467	9134
JUJ_5798	0	0	0	0	0	0	0	0
JUJ_12384	10	5640	337	1681	724	1271	20	259
JUJ_19138	0	284	649	14	3	24	11270	27
JUJ_5694	0	403	13597	2668	74	10	4615	428
JUJ_11737	1	19	5199	43	5	6	0	2
JUJ_284	47	601	16842	35	100	22	10	2813
JUJ_50	1158	2612	289	1782	2412	974	32	417
JUJ_12430	24	315	1074	5	1597	78	2	29
JUJ_8376	0	0	0	12	10	0	0	4
JUJ_3640	0	165	2	1	247	47	0	0
JUJ_5472	0	40	471	1	0	0	0	5
JUJ_11959	10	9794	179	2362	493	138	31	25
JUJ_18110	0	1157	44609	6079	520	15	304	117
JUJ_18045	0	4	137	7	1	2	43659	20
JUJ_467	1	1	30	939	19	3173	2	36
JUJ_13257	0	342	218	85	1	3	38842	25
JUJ_14197	0	0	5	1	0	0	1	0
JUJ_26	327	431	2214	127	66	315	142	31
JUJ_4461	12	7	42	15	6	6	11914	22
JUJ_15039	0	805	124	1277	4	83	18	31
JUJ_11855	250	25	1455	146	33	1291	0	207
JUJ_14138	0	0	13	0	0	0	0	0
JUJ_69	0	0	2	3	0	0	24414	1
JUJ_5409	0	627	17752	1265	28	13	36836	119
JUJ_372	98	459	4	110	159	233	10	112
JUJ_5727	0	229	303	996	2	10	11788	5
JUJ_18767	0	0	6	2	2	0	182	0
JUJ_10720	0	6	3114	20	4	3	42055	40
JUJ_18013	8	11	26962	124	1	1	2	31
JUJ_122	608	13	15	16	12	1	4	1
JUJ_15534	0	134	154	2	1	0	9432	3
JUJ_5725	0	0	2	18	5	15	8	83
JUJ_134	36	663	340	128	168	99	75	108
JUJ_21183	61	619	16298	1134	1334	13	322	5633
JUJ_5722	0	0	0	0	0	0	0	0
JUJ_18218	0	48	20	2	1	0	0	0
JUJ_18578	0	0	773	2	1	2	3	3
JUJ_12235	2	921	382	0	863	38	2	33
JUJ_22022	11	5	21543	44	3	8	5	100
JUJ_11968	5	11922	5320	13227	5341	26	31	5228
JUJ_5470	71	0	0	0	0	1	0	10
JUJ_13762	50	829	5104	22	2	0	12665	5
JUJ_13757	2	9	114	62	62	0	4	15
JUJ_12020	1	2	0	0	1	1	0	0
JUJ_13793	0	2	97	1	0	0	1	10
JUJ_5914	0	1	1	133	0	26	2	2
JUJ_5402	0	1	347	7	57	28	4	90
JUJ_23472	1	121	3048	2708	501	6	6	107
JUJ_264	486	6667	1176	5132	1180	1200	71	234
JUJ_263	0	5	51	2	0	0	74970	5
JUJ_6777	1	4	69	4	1	1	110320	7
JUJ_13756	0	3	34	0	1	0	18636	6
JUJ_16907	1	21	4853	51	17	7	3927	88
JUJ_18062	0	6	425	2	27	1	15598	4
JUJ_15144	1	12	1536	14234	22	2	34651	65
JUJ_18001	1741	28	6949	86	109	30	39	3438
JUJ_12408	11	2209	156	166	3312	52	6	13
JUJ_12922	52	1	9	0	0	2	0	570
JUJ_14225	0	11	34	0	0	0	0	0
JUJ_11555	0	0	1	21	0	4	0	0
JUJ_17550	0	21	194	6	0	2	14215	8
JUJ_18847	0	0	2	2	0	0	1297	0
JUJ_11748	0	0	402	0	0	0	0	0
JUJ_12957	0	105	10	22	6	0	0	0
JUJ_15220	0	5261	15	81	0	0	0	0
JUJ_18509	0	3	2	0	0	0	0	1
JUJ_21148	0	342	31	23	0	0	1612	0
JUJ_12376	7	87	0	0	60	1	0	0
JUJ_15161	1	5	129	3	1	0	0	12
JUJ_13399	0	2	150	2	0	1	1	2
JUJ_155	183	12	0	0	0	0	1	1
JUJ_13861	0	7	109	5	6	1	0	10
JUJ_5829	0	1	5	1	0	0	5270	1
JUJ_576	4568	0	2	0	0	0	0	0
JUJ_365	0	0	0	11	3	0	6	0
JUJ_6124	0	1	348	1598	0	0	1249	1
JUJ_12019	0	28823	6	0	0	0	0	0
JUJ_11765	367	207	377	62	17	43	24	165
JUJ_16637	0	50	297	1129	45	88	2	42
JUJ_7786	0	0	0	0	0	0	18154	0
JUJ_14074	0	104	67	13	13	1	1212	1
JUJ_12106	29	1636	70	350	936	446	13	26
JUJ_239	0	68	5351	400	0	3	6197	3
JUJ_1924	97	1	960	12	7	10	4	2665
JUJ_391	0	5	1	11	1	8	0	24
JUJ_23491	5	65	39	7	276	9	9	8
JUJ_18286	7	742	9031	5006	1	8	11	185
JUJ_15337	0	5	62	5	0	0	1	187
JUJ_73	0	51	29	223	103	13	7	11
JUJ_17903	0	0	0	0	0	0	0	0
JUJ_23093	21	5559	514	1143	919	13	1	44
JUJ_5849	0	0	110	33	0	0	9999	10
JUJ_21322	13	1779	210	1218	70	14	11	58
JUJ_12519	0	7	186	7	4	1	1670	0
JUJ_13326	0	0	113	8	4	5	0	7
JUJ_277	5	1	1	0	0	5	0	16
JUJ_358	0	2	5	2	1	0	41	1
JUJ_10848	18	69	705	695	3	1	6761	11
JUJ_462	0	50	5	157	101	213	16	0
JUJ_11774	538	431	438	32	795	197	14	284
JUJ_5792	1	27	81	64	7	501	1	46
JUJ_18212	0	177	1497	4381	0	1	4	10
JUJ_12220	1	7	6	1	1	0	0	3
JUJ_16609	0	334	19	0	0	0	0	0
JUJ_18592	0	0	3	0	0	93	0	12
JUJ_12042	0	0	0	0	0	0	0	0
JUJ_11759	0	101	80	236	12	751	1	39
JUJ_470	0	0	0	5	1	0	9	6
JUJ_3310	0	0	32	1	0	0	0	0
JUJ_12405	0	1086	21	44	0	0	0	11
JUJ_9235	0	0	13	0	0	0	30	1
JUJ_14145	0	0	14	1	0	0	0	0
JUJ_18003	0	1	0	0	269	0	1	0
JUJ_13739	0	0	3	1	0	43	0	0
JUJ_12630	0	86	9	0	0	7	0	0
JUJ_656	0	0	2	3	0	0	97	1
JUJ_13769	0	40	0	12	3	13	10	1
JUJ_15186	0	1	13	0	0	0	32849	2
JUJ_12414	0	286	206	898	639	87	27	101
JUJ_648	0	1	5	0	0	0	1	0
JUJ_15140	0	0	0	5	0	0	0	0
JUJ_20936	0	12	13	0	0	9	0	0
JUJ_6040	0	0	0	33	1	145	1	1
JUJ_15982	0	0	0	0	0	0	0	0
JUJ_382	77	781	411	132	561	165	156	136
JUJ_12597	16	976	382	208	523	211	9	51
JUJ_16489	0	0	0	0	0	0	0	0
JUJ_15285	0	0	2	2	2	0	2	2
JUJ_2270	0	0	0	6	4	0	0	3
JUJ_16810	0	0	0	0	0	0	0	0
JUJ_5589	0	0	22	2	2	0	56172	3
JUJ_13023	0	182	61	0	0	0	1	11
JUJ_11718	8	1152	412	1	303	258	3	9
JUJ_7741	0	0	0	0	0	0	0	0
JUJ_13335	0	210	35	1	1	0	1	1
JUJ_23411	0	1090	182	33	8	0	0	3
JUJ_11931	1	131	12	6	6	37	1	21
JUJ_6762	0	0	0	0	0	0	0	0
JUJ_13266	0	2	91	17	5	0	16	4
JUJ_5753	0	2	10	0	0	0	1	0
JUJ_7354	0	0	0	0	0	0	0	0
JUJ_479	2	187	16	241	190	2	1	10
JUJ_13024	0	0	6	5	22	0	2	15
JUJ_426	1	1	0	0	2	0	0	0
JUJ_8579	0	0	0	0	0	0	0	0
JUJ_273	3	20	420	69	11	7	3	1
JUJ_12475	1	54	197	5	190	4	0	5
JUJ_15356	0	0	0	3	3	0	4	3
JUJ_11786	22	668	17	49	4416	225	1	78
JUJ_5806	61	14	1100	6	6	25	3	555
JUJ_21737	0	0	8	0	0	0	59	0
JUJ_267	0	106	0	0	1	0	0	2
JUJ_16934	0	0	27	0	0	0	0	0
JUJ_12010	0	26	558	12	3	9	0	57
JUJ_761	2	6	19	5	5	0	0	3
JUJ_5720	0	0	18	4	2	2	16917	11
JUJ_14854	0	0	3	1	0	0	3	0
JUJ_11772	0	0	5	61	2	0	0	0
JUJ_5748	0	8	113	262	0	0	723	10
JUJ_5862	0	10	20	30	4	2	0	41
JUJ_307	0	0	8	0	0	0	21395	0
JUJ_16590	0	281	2	32	67	11	4	2
JUJ_13366	0	0	0	0	0	0	0	1
JUJ_367	9	0	0	4	0	0	0	0
JUJ_15090	0	0	2	35	0	0	0	0
JUJ_18235	0	0	0	0	3	0	0	0
JUJ_13019	0	29	1111	41	24	15	2	47
JUJ_14246	0	0	0	0	0	0	0	0
JUJ_9935	0	79	0	1	0	0	0	0
JUJ_9521	0	0	0	0	0	0	0	0
JUJ_2134	0	0	3	0	1	1	506	4
JUJ_18904	0	171	0	1	0	5	0	1
JUJ_12798	5	0	31	10	66	9	1	0
JUJ_11746	0	0	0	0	0	0	0	0
JUJ_21203	0	0	0	0	0	0	0	0
JUJ_12055	0	378	207	491	170	183	3	37
JUJ_17118	0	0	16	0	0	1	0	0
JUJ_458	0	0	60	0	0	0	0	6
JUJ_15557	0	2	2	0	0	0	0	0
JUJ_5424	0	0	69	2	1	2	3	21
JUJ_15150	0	0	0	0	0	0	0	0
JUJ_18078	0	2	0	15	0	0	0	0
JUJ_5552	0	0	4	1	0	0	1	1
JUJ_504	0	27	7	0	0	0	0	1
JUJ_43	1	4	43	23	4	0	0	0
JUJ_492	109	0	174	0	3	0	3	0
JUJ_5689	0	0	0	0	0	0	0	0
JUJ_18204	0	0	1	3	1	0	2	1
JUJ_12799	0	116	8	34	21	0	0	3
JUJ_811	0	0	0	0	0	0	0	0
JUJ_13208	0	273	41	156	1649	521	9	48
JUJ_18198	0	131	8597	0	0	15	0	2
JUJ_15162	0	0	0	0	0	0	0	0
JUJ_14224	0	0	0	0	0	0	0	0
JUJ_18014	0	0	0	0	0	0	0	0
JUJ_1331	3	25	11	16	13	7	3	0
JUJ_2855	0	0	0	0	0	0	0	0
JUJ_14000	0	0	0	0	0	0	0	0
JUJ_11446	0	0	0	0	0	0	0	0
JUJ_1716	10	144	92	26	64	27	55	19
JUJ_12484	2	134	68	362	768	35	1	35
JUJ_13705	0	0	0	0	0	0	0	0
JUJ_751	0	0	0	0	0	0	0	0
JUJ_16683	0	0	0	0	0	0	0	0
JUJ_1533	0	2	0	0	0	2	0	1
JUJ_19994	0	0	0	0	0	0	0	0
JUJ_21383	0	1	377	3	0	2	0	6
JUJ_14220	0	0	0	56	0	5	0	0
JUJ_13260	0	1070	28	213	278	340	1	12
JUJ_440	3	11	1959	19	8	2	6	18
JUJ_18034	0	0	0	0	0	1	0	0
JUJ_11883	0	4	189	0	2	0	0	0
JUJ_5933	0	128	1	457	61	4	0	30
JUJ_18004	0	0	0	0	0	0	0	0
JUJ_1876	0	0	0	0	0	0	0	0
JUJ_16571	0	0	0	0	0	0	0	0
JUJ_5802	0	0	0	0	0	2	0	0
JUJ_18583	0	2	33	0	4	1	0	0
JUJ_11890	4	199	6287	0	464	0	1	0
JUJ_12810	0	0	0	9	0	0	0	0
JUJ_12589	0	15	35	1	2	12	0	0
JUJ_9167	0	1	7	5	2	0	6	2
JUJ_21456	0	0	662	707	0	0	0	0
JUJ_18035	0	0	0	0	0	0	0	0
JUJ_19298	0	347	140	22	660	0	0	0
JUJ_14216	0	34	51	101	152	0	1	16
JUJ_906	1	0	0	28	0	0	1	0
JUJ_12792	0	99	0	0	0	55	2	2
JUJ_5843	0	0	0	1	0	0	0	0
JUJ_18836	0	0	0	0	0	0	0	0
JUJ_15460	0	1	3	3	1	0	3	4
JUJ_6521	0	1	0	6	7	1	0	2
JUJ_1709	0	3	0	1	1	22	0	0
JUJ_67	0	0	0	25	3	0	11	7
JUJ_13914	0	1	1	2	2	1	9479	4
JUJ_17067	0	75	2	144	134	35	1	5
JUJ_11500	0	0	13	3	0	0	9973	2
JUJ_11719	1	7	0	10	1	4	0	16
JUJ_10742	0	1402	304	1218	0	0	2	6
JUJ_16433	0	0	0	0	0	0	0	0
JUJ_11570	0	2	1146	1	0	0	984	0
JUJ_12406	0	50	11	12	116	5	0	0
JUJ_18651	0	0	0	0	0	0	0	0
JUJ_1044	18	44	1	16	1	0	0	0
JUJ_18615	0	0	1	0	0	0	0	0
JUJ_11895	0	0	5	1	0	0	0	0
JUJ_13403	0	0	0	0	0	0	0	0
JUJ_376	0	0	1	35	2	0	3	0
JUJ_10060	0	0	2	21	9	0	0	0
JUJ_18029	0	0	0	0	0	0	0	0
JUJ_1743	0	0	0	0	0	0	0	0
JUJ_9663	0	0	0	0	0	0	0	0
JUJ_17352	0	1059	1	5	20	0	0	0
JUJ_18005	0	0	0	0	0	0	0	0
JUJ_12427	35	3	0	1	9	0	0	1
JUJ_15380	0	2	4	0	0	0	3083	0
JUJ_12413	1	4	9	69	0	111	1	1
JUJ_5539	0	0	0	0	0	0	0	0
JUJ_13384	0	0	0	0	0	0	0	0
JUJ_814	0	87	0	2	0	6	1	9
JUJ_17233	0	0	17	0	0	0	0	0
JUJ_18066	0	0	0	0	0	0	1	0
JUJ_13708	0	11	3	0	0	0	0	0
JUJ_4332	0	1	0	4	1	0	2	0
JUJ_9738	0	0	0	0	0	0	0	0
JUJ_16852	0	3	51	34	0	49	0	0
JUJ_915	0	21	1	0	0	0	0	0
JUJ_16953	0	0	1	1	0	0	0	2
JUJ_13427	0	1	29	0	0	0	1	1
JUJ_18124	0	1	0	2	0	1	0	8
JUJ_18071	0	0	0	0	0	0	0	0
JUJ_17392	0	0	0	0	0	0	0	0
JUJ_17199	21	1	316	3	1	0	0	0
JUJ_1772	0	0	0	0	0	0	0	0
JUJ_13454	0	1	2	3	71	83	1	38
JUJ_12790	0	265	10	74	116	22	0	3
JUJ_4350	0	0	0	11	0	0	0	0
JUJ_17642	0	0	0	0	0	0	0	1
JUJ_7737	0	0	0	0	0	0	0	13
JUJ_110	25	49	138	86	166	155	2	4
JUJ_476	1	275	1409	109	390	25	1	7
JUJ_15053	1	0	0	1	0	0	1	0
JUJ_18139	0	97	0	0	0	0	0	0
JUJ_14313	0	320	9	20	1	0	0	20
JUJ_13517	0	0	0	0	0	0	0	0
JUJ_776	0	664	26	122	13	0	1	2
JUJ_1807	0	0	0	0	0	0	0	0
JUJ_17906	0	0	2	0	0	0	0	0
JUJ_7318	0	0	119	0	0	0	0	1
JUJ_41	0	0	0	1	0	0	0	0
JUJ_11674	0	0	0	0	3	0	0	0
JUJ_12867	0	163	71	47	0	7	0	1
JUJ_13898	0	0	0	0	0	0	0	0
JUJ_5090	0	0	0	0	0	0	0	0
JUJ_1835	0	1	0	24	0	0	0	0
JUJ_15420	0	692	611	2364	0	1	108	3
JUJ_10866	0	0	0	0	0	0	0	0
JUJ_23412	0	111	11	1	0	15	0	0
JUJ_6094	0	0	0	0	0	0	0	0
JUJ_9944	0	0	0	0	0	0	0	0
JUJ_13750	0	0	0	0	0	0	0	0
JUJ_12007	0	0	10	0	8	2	0	2
JUJ_21438	0	0	840	0	0	0	5	1
JUJ_1774	0	0	0	7	0	0	1	5
JUJ_1879	0	0	0	1	0	43	1	0
JUJ_12080	0	1	1669	0	2	0	0	0
JUJ_10719	0	1235	0	0	0	0	0	0
JUJ_13253	60	76	17	0	10	1	2	1
JUJ_12148	0	55	37	17	33	3	1	0
JUJ_903	0	0	0	28	0	0	0	0
JUJ_1726	0	0	0	0	0	0	1	0
JUJ_1216	0	242	0	56	0	56	1	1
JUJ_10045	42	13	78	41	1	0	15	1
JUJ_12469	0	1131	40	205	55	353	0	50
JUJ_5983	0	0	0	2	0	0	0	0
JUJ_12878	0	0	3	0	0	1	0	2
JUJ_1765	0	50	15	3	0	0	0	0
JUJ_13879	0	0	15	0	0	0	0	0
JUJ_18000	0	21	0	76	0	0	0	0
JUJ_12390	0	0	17	159	3	0	0	38
JUJ_1359	0	0	0	0	0	0	1	1
JUJ_12921	0	0	4	1	1	1	0	6
JUJ_1706	0	0	0	0	0	1	0	0
JUJ_1725	0	0	0	24	0	20	0	0
JUJ_323	0	0	0	0	0	0	0	0
JUJ_12652	0	584	43	1	38	216	1	3
JUJ_652	0	137	6	131	87	24	1	42
JUJ_13759	0	0	0	0	57	39	0	0
JUJ_15060	0	0	0	0	0	0	0	0
JUJ_16762	55	2	541	3	1	0	2348	2
JUJ_21547	0	2	453	10	1	20	0	4
JUJ_373	0	4	3	3	4	0	0	6
JUJ_586	0	1032	994	12	22	1	3	0
JUJ_8985	0	7	1	7	9	2	0	7
JUJ_905	0	0	10	63	101	2	0	0
JUJ_1154	0	2	5	0	35	0	0	0
JUJ_11223	0	3	0	0	0	0	0	0
JUJ_9500	0	0	0	0	0	0	0	0
JUJ_6757	0	0	0	0	0	0	0	0
JUJ_6069	0	1	0	1	13	13	0	0
JUJ_19492	0	0	0	0	0	0	0	0
JUJ_16913	0	251	85	826	9	6	2	28
JUJ_670	0	71	0	30	58	68	0	24
JUJ_838	0	0	0	29	161	240	4	2
JUJ_982	0	0	0	0	0	0	0	0
JUJ_12545	0	0	1875	34	1	0	4	1
JUJ_192	0	0	3	0	0	0	0	0
JUJ_22192	0	0	712	2	0	0	1	3
JUJ_15448	1	0	0	0	0	11	1	0
JUJ_1217	0	33	11	69	89	57	1	0
JUJ_16961	0	1	3	0	0	0	1	0
JUJ_15432	0	160	0	1	19	0	1	11
JUJ_23403	0	1	492	31	0	0	0	0
JUJ_7504	0	0	3	3	5	0	1	22
JUJ_4337	0	0	3	1	0	0	0	0
JUJ_917	0	0	2	0	0	0	0	0
JUJ_6774	0	1	3	0	0	0	0	0
JUJ_14323	0	0	7	0	0	0	0	0
JUJ_8818	0	0	43	0	0	0	15	0
JUJ_15365	0	6	0	0	6	0	0	26
JUJ_18550	0	0	88	4	3	0	0	14
JUJ_5673	0	0	0	0	0	0	0	0
JUJ_18018	0	0	0	22	0	42	0	0
JUJ_19494	0	0	5	0	0	0	1794	0
JUJ_11773	0	0	0	0	0	0	0	0
JUJ_19720	0	2	3	0	0	0	398	0
JUJ_16535	0	0	0	0	0	0	0	0
JUJ_6170	0	0	777	1	0	0	0	0
JUJ_22544	0	0	6	0	0	0	1	2
JUJ_16980	0	1	0	0	0	1	0	0
JUJ_11960	0	1	0	0	0	0	0	0
JUJ_1708	0	0	0	0	0	0	0	0
JUJ_6983	0	0	0	0	0	0	0	0
JUJ_902	0	1	55	2	0	0	1	1
JUJ_10916	0	0	0	0	0	0	0	0
JUJ_6518	1	7	0	0	1	0	0	16
JUJ_23406	0	2	134	99	14	0	0	0
JUJ_17043	0	0	9	0	0	1	0	5
JUJ_366	0	1	0	0	0	0	0	0
JUJ_12068	0	0	1	0	0	11	0	0
JUJ_1433	0	0	0	29	0	0	0	0
JUJ_17848	0	0	0	0	0	0	685	0
JUJ_15187	0	0	2	2	0	0	0	0
JUJ_1437	0	34	18	0	0	0	0	24
JUJ_18276	0	0	0	0	0	0	0	0
JUJ_15159	0	0	2	0	0	0	0	0
JUJ_1710	0	0	22	0	0	0	2	0
JUJ_15095	0	50	3	0	0	0	0	0
JUJ_1790	0	0	0	0	0	5	0	1
JUJ_17941	0	0	0	0	0	0	0	0
JUJ_21860	0	0	18	1	0	1	0	0
JUJ_21143	0	0	76	0	0	0	350	0
JUJ_2468	3	0	1	28	1	0	0	0
JUJ_23466	0	0	224	53	0	0	0	1
JUJ_1734	0	0	0	0	0	0	0	0
JUJ_12829	0	0	0	0	0	0	0	0
JUJ_2590	0	0	0	2	0	0	0	0
JUJ_11444	0	0	0	0	0	0	0	0
JUJ_20539	0	0	0	9	0	1	1	0
JUJ_5807	0	0	0	8	0	0	0	0
JUJ_2624	0	0	0	0	0	0	0	0
JUJ_12919	0	0	0	7	0	0	0	0
JUJ_15707	0	0	0	0	0	0	0	0
JUJ_13478	0	1	0	1	0	0	0	1
JUJ_10872	0	0	0	0	0	0	0	0
JUJ_1959	0	0	4	0	0	0	0	0
JUJ_16860	0	0	0	3	0	0	198	4
JUJ_4331	0	0	5	0	0	0	0	2
JUJ_15333	0	1	1	0	0	0	0	1
JUJ_15213	0	0	0	0	0	0	0	0
JUJ_1745	0	292	0	0	0	0	0	0
JUJ_22822	0	0	4	0	0	0	271	0
JUJ_3652	0	0	0	0	0	0	0	0
JUJ_6041	0	0	0	0	0	0	0	0
JUJ_12658	9	32	56	97	87	0	0	53
JUJ_12173	0	647	9	1	0	13	3	0
JUJ_18384	0	0	68	1	0	0	0	2
JUJ_12822	0	0	0	0	0	0	0	0
JUJ_18407	0	8	0	55	0	0	0	0
JUJ_12207	0	2	18	1	53	0	0	0
JUJ_18228	0	0	0	0	0	0	0	7
JUJ_22234	0	0	782	181	0	0	0	0
JUJ_919	0	37	0	1	0	0	0	1
JUJ_3182	0	0	0	0	0	0	0	0
JUJ_16610	0	0	0	0	1	0	0	0
JUJ_12014	0	83	8	38	0	39	0	14
JUJ_6982	0	0	0	0	0	0	0	0
JUJ_12711	21	0	0	0	0	0	0	0
JUJ_986	0	0	0	0	0	0	0	0
JUJ_11899	0	321	334	23	0	80	2	1
JUJ_839	0	175	0	68	0	0	1	0
JUJ_16883	18	0	0	85	1280	0	0	0
JUJ_12830	0	0	13	25	0	1	0	25
JUJ_20344	0	0	10	0	0	0	0	0
JUJ_12099	0	42	88	125	171	55	1	35
JUJ_682	0	0	0	540	3	3	1	3
JUJ_13348	0	0	4	0	0	0	2018	0
JUJ_9786	0	0	0	0	0	0	0	0
JUJ_151	0	25	3	39	0	1	0	15
JUJ_1834	0	0	0	0	0	0	0	0
JUJ_345	0	0	0	0	0	0	0	0
JUJ_6845	0	0	79	0	4	0	0	0
JUJ_19195	0	0	155	1	0	2	30	2
JUJ_220	0	0	0	0	0	0	0	0
JUJ_22849	0	0	17	0	0	0	0	0
JUJ_12301	7	0	64	3	15	40	0	5
JUJ_113	6	101	1	546	1	982	1	7
JUJ_2748	22	0	6	0	0	0	0	1
JUJ_17983	0	0	0	0	0	0	0	0
JUJ_5515	0	0	0	0	0	0	0	0
JUJ_8584	0	0	0	0	0	0	0	0
JUJ_1858	0	87	0	0	0	0	0	0
JUJ_13091	0	98	9	44	0	0	0	10
JUJ_12657	0	5	0	3	19	1	0	1
JUJ_920	0	0	0	0	0	1	0	1
JUJ_15268	0	0	0	0	0	0	0	4
JUJ_1713	0	0	164	7	29	0	0	0
JUJ_9084	0	0	0	0	0	0	0	0
JUJ_22959	0	0	42	0	0	0	23	1
JUJ_14045	0	3	130	6	14	2	0	53
JUJ_904	0	0	0	4	1	0	0	2
JUJ_5527	0	0	4	0	0	0	0	0
JUJ_1791	0	115	0	0	0	0	0	0
JUJ_18823	0	2	2	0	0	1	0	4
JUJ_18324	0	0	0	0	0	0	0	0
JUJ_15098	0	0	0	0	0	0	0	0
JUJ_7238	0	0	83	0	0	0	0	2
JUJ_15052	0	0	0	0	0	0	0	0
JUJ_10726	0	0	0	1	0	0	0	0
JUJ_2060	0	53	0	0	0	0	0	5
JUJ_774	1	128	0	1	0	15	2	37
JUJ_961	0	717	0	0	0	0	1	0
JUJ_12791	0	7	2	0	0	0	0	1
JUJ_11845	1	2	27	34	4	8	2	0
JUJ_6173	0	0	0	0	0	0	0	0
JUJ_7290	0	0	0	0	0	0	1	0
JUJ_14137	0	0	0	0	0	0	0	0
JUJ_9767	0	0	0	0	0	0	0	2
JUJ_16868	0	11	62	2	3	1	18	1
JUJ_7726	0	0	0	0	0	0	0	0
JUJ_1333	0	0	0	0	0	0	0	0
JUJ_11529	0	0	0	0	0	0	1	0
JUJ_91	0	0	0	0	0	0	0	0
JUJ_13731	0	0	0	0	0	0	0	0
JUJ_12089	0	0	1	0	0	2	0	8
JUJ_14657	0	0	0	0	0	0	1365	0
JUJ_1967	0	0	0	0	0	0	0	0
JUJ_14228	0	0	0	0	0	0	0	0
JUJ_18653	0	0	0	0	0	3	0	0
JUJ_12926	0	0	49	40	0	7	0	8
JUJ_916	0	0	0	1	0	0	0	0
JUJ_8997	0	0	0	11	1	1	1	0
JUJ_11976	0	20	1	1	0	0	0	0
JUJ_11442	0	0	0	0	0	0	0	0
JUJ_13564	0	1	2	0	0	0	0	0
JUJ_1062	0	131	0	106	0	0	1	0
JUJ_13711	0	0	0	0	0	0	0	0
JUJ_19718	0	0	3	0	0	0	0	0
JUJ_7331	0	0	0	0	0	0	0	0
JUJ_5870	0	0	0	3	0	0	0	1
JUJ_3972	0	0	3	0	0	0	0	0
JUJ_4036	0	0	0	1	2	0	0	0
JUJ_11533	0	0	16	6	0	0	20	0
JUJ_11717	0	11	46	4	1	0	1	10
JUJ_5071	0	104	1	0	2	3	0	0
JUJ_18102	0	0	1	0	0	0	0	0
JUJ_3875	0	0	0	0	0	0	0	0
JUJ_469	0	0	0	0	0	0	0	0
JUJ_1705	1	0	4	0	0	0	0	0
JUJ_12179	0	0	1021	71	0	0	4	0
JUJ_1994	0	0	0	0	0	0	0	5
JUJ_18365	0	0	1	0	0	0	0	0
JUJ_771	2	3	9	61	0	0	0	21
JUJ_15857	0	0	0	0	0	0	338	0
JUJ_18017	0	0	22	1	128	62	1	0
JUJ_13958	0	45	3	45	0	1	1	4
JUJ_1812	0	0	0	0	0	0	0	0
JUJ_15233	0	0	0	0	0	0	0	0
JUJ_744	0	0	0	0	1	33	0	0
JUJ_2010	0	0	5	12	45	0	0	1
JUJ_14110	0	0	0	0	0	0	0	0
JUJ_7000	0	0	0	0	0	0	0	0
JUJ_18049	0	0	10	24	0	1	0	0
JUJ_1886	0	0	0	0	0	0	0	0
JUJ_6830	0	0	0	0	0	0	0	0
JUJ_1732	0	0	0	0	0	0	0	0
JUJ_13147	0	0	0	3	1	0	1	0
JUJ_11619	0	0	1	0	0	0	0	0
JUJ_12377	0	0	2	0	0	0	0	0
JUJ_10899	0	0	0	0	0	0	0	0
JUJ_2024	0	0	0	0	0	0	0	0
JUJ_13872	0	0	1	1	0	0	2248	0
JUJ_15216	0	0	0	0	0	0	0	0
JUJ_14870	0	1	1	0	0	0	192	1
JUJ_6355	0	0	0	0	0	0	0	0
JUJ_1966	0	0	0	0	0	0	0	0
JUJ_6070	0	0	0	26	3	0	1	3
JUJ_1048	0	0	0	64	0	0	0	0
JUJ_22647	0	0	0	0	0	0	22	0
JUJ_1717	0	0	6	10	39	0	0	0
JUJ_7105	0	0	0	0	0	0	0	0
JUJ_13998	0	1	1	1	0	0	70	0
JUJ_2092	0	0	0	0	0	0	0	0
JUJ_6823	0	0	0	0	0	0	0	0
JUJ_1826	0	0	0	0	0	0	0	0
JUJ_12842	0	0	0	0	0	0	0	9
JUJ_16684	0	0	0	0	0	0	0	0
JUJ_13695	0	0	0	0	0	0	0	0
JUJ_18275	0	0	0	49	0	0	0	0
JUJ_8594	0	0	0	0	0	0	0	0
JUJ_15155	0	0	0	0	1	0	1	0
JUJ_13719	0	0	0	0	0	0	0	0
JUJ_12833	2	0	0	0	0	0	0	0
JUJ_16587	0	0	0	0	0	0	0	0
JUJ_15957	0	2	23	0	0	0	11	15
JUJ_9580	0	0	0	7	0	0	0	0
JUJ_13513	0	0	0	0	0	0	0	0
JUJ_5243	0	0	0	0	0	0	72	0
JUJ_11969	0	0	6	0	0	0	0	1
JUJ_12794	0	0	0	22	0	0	0	0
JUJ_259	0	0	1	0	0	0	0	1
JUJ_9777	0	0	0	0	0	0	0	0
JUJ_11716	0	45	0	0	0	0	0	0
JUJ_12419	0	6	14	0	20	7	0	0
JUJ_12304	0	0	10	0	0	0	0	0
JUJ_2225	0	0	0	0	0	0	0	0
JUJ_18076	0	0	0	6	53	1	0	0
JUJ_6730	0	0	5	0	0	0	0	0
JUJ_18070	0	0	0	0	0	0	0	0
JUJ_5826	0	0	0	0	0	19	0	0
JUJ_16506	0	0	0	0	0	0	0	0
JUJ_18291	0	0	0	0	0	0	1	0
JUJ_17943	0	0	0	0	0	0	0	0
JUJ_3649	0	0	0	117	0	0	0	0
JUJ_12000	1	2	0	0	2	0	0	0
JUJ_12757	0	0	0	0	6	0	0	0
JUJ_591	0	171	5	177	1	0	0	0
JUJ_10753	61	2383	11	1	0	55	0	8
JUJ_19175	0	0	8	0	0	0	20	0
JUJ_17394	0	0	0	0	0	0	0	0
JUJ_1883	0	0	0	0	1	0	1	0
JUJ_18405	0	0	0	0	0	0	0	0
JUJ_6904	0	0	0	0	0	0	0	0
JUJ_5172	0	0	1	0	9	0	0	0
JUJ_6327	0	0	0	0	0	0	0	0
JUJ_13477	0	0	0	1	0	0	0	0
JUJ_1714	0	0	10	0	2	13	0	5
JUJ_15274	0	0	0	0	0	0	0	0
JUJ_15538	0	0	0	0	0	0	0	0
JUJ_2867	0	31	0	13	0	0	0	9
JUJ_793	0	1	0	30	0	0	0	0
JUJ_3210	0	0	0	0	0	0	0	0
JUJ_15221	0	0	0	0	0	0	0	0
JUJ_6328	0	0	0	0	0	0	0	0
JUJ_4395	0	0	0	0	0	0	0	0
JUJ_18007	0	189	2	138	52	1	0	7
JUJ_1806	0	0	0	0	0	0	0	0
JUJ_1803	0	0	0	26	0	0	0	0
JUJ_23304	0	1	11	3	0	0	0	0
JUJ_357	0	0	0	0	0	0	0	0
JUJ_2719	0	0	0	0	0	0	0	0
JUJ_18108	0	0	0	0	0	0	0	0
JUJ_15201	0	0	0	0	0	0	0	0
JUJ_17385	0	0	4	0	0	0	82	0
JUJ_6329	0	0	0	0	0	0	0	0
JUJ_1794	0	123	15	0	0	0	0	5
JUJ_1720	0	123	1	5	1	7	0	28
JUJ_17907	0	0	0	0	0	0	0	0
JUJ_17424	0	0	0	0	0	0	0	0
JUJ_16495	0	0	18	0	0	9	0	0
JUJ_12858	0	0	0	0	0	0	0	0
JUJ_2068	0	0	0	37	0	0	0	0
JUJ_9853	0	0	0	0	0	0	0	0
JUJ_269	0	0	0	1	3	0	1	0
JUJ_11556	0	0	0	0	0	0	0	0
JUJ_18111	0	108	0	0	0	0	0	10
JUJ_1332	1	0	42	59	64	0	0	31
JUJ_16730	0	0	0	0	0	0	0	0
JUJ_4114	0	111	54	0	172	0	2	7
JUJ_1009	0	0	0	0	0	0	2	0
JUJ_1707	0	1	0	0	0	0	0	0
JUJ_1049	56	0	0	12	0	17	5	25
JUJ_17964	0	0	0	0	0	0	0	0
JUJ_10837	0	0	0	0	0	0	0	0
JUJ_28	0	0	0	0	0	0	0	0
JUJ_7649	0	0	0	0	0	0	0	0
JUJ_19680	0	0	0	0	0	0	500	0
JUJ_13887	0	0	0	0	0	0	0	0
JUJ_52	0	0	1	0	0	0	2003	0
JUJ_6325	0	0	0	0	0	0	0	0
JUJ_8006	0	0	0	0	0	0	0	0
JUJ_18023	0	0	1	0	0	0	0	0
JUJ_1735	0	186	0	0	0	0	1	1
JUJ_2576	0	0	0	0	0	0	0	0
JUJ_15145	0	0	22	0	0	4	0	1
JUJ_6071	0	442	44	567	0	0	1	0
JUJ_6559	0	0	0	0	0	0	0	0
JUJ_18088	0	0	0	0	0	0	0	0
JUJ_18068	0	0	0	0	0	0	0	0
JUJ_18547	0	0	1	0	0	2	0	6
JUJ_16558	0	0	9	27	0	0	0	0
JUJ_1728	0	0	0	0	0	0	0	0
JUJ_4344	0	0	0	0	0	4	0	0
JUJ_10807	0	1	0	1	138	0	4	0
JUJ_6870	0	0	0	0	0	0	0	0
JUJ_16680	0	0	0	0	0	0	0	0
JUJ_18882	0	182	104	0	0	0	0	0
JUJ_830	0	0	0	0	0	0	0	0
JUJ_5657	0	0	0	6	0	0	0	3
JUJ_7896	0	0	0	1	0	0	0	1
JUJ_4372	0	0	0	0	0	0	0	0
JUJ_12444	0	75	136	110	43	1	1	12
JUJ_12992	0	0	0	0	0	0	0	0
JUJ_1045	0	0	0	31	0	0	0	0
JUJ_17237	0	0	0	0	0	0	0	0
JUJ_12016	9	0	7	77	106	0	0	9
JUJ_1809	0	0	0	0	0	0	0	77
JUJ_4444	0	0	0	0	1	0	0	0
JUJ_587	0	0	15	0	0	0	0	0
JUJ_1043	0	0	0	10	0	0	0	0
JUJ_13736	0	40	0	0	0	0	0	11
JUJ_4419	0	1	1	0	14	27	0	4
JUJ_7667	0	0	0	0	0	0	0	0
JUJ_18122	0	0	0	24	0	0	0	0
JUJ_6912	0	0	0	0	1	0	0	6
JUJ_775	0	0	1	1785	0	0	1	0
JUJ_22731	0	0	1	0	0	0	4	0
JUJ_7015	0	0	0	0	0	0	0	0
JUJ_13758	0	0	13	0	0	0	0	0
JUJ_12824	0	0	0	0	0	0	0	0
JUJ_14503	0	99	1	0	0	0	0	0
JUJ_12820	0	0	1	0	0	0	0	0
JUJ_4335	0	0	0	0	0	0	0	0
JUJ_1817	0	0	0	0	0	0	0	0
JUJ_20313	0	131	0	0	0	0	0	0
JUJ_1719	0	0	0	0	0	5	0	10
JUJ_407	0	0	0	0	1	0	0	0
JUJ_17622	0	6	0	0	46	0	0	0
JUJ_6799	0	1	0	0	0	0	0	0
JUJ_18046	0	0	13	18	0	5	1	0
JUJ_12595	0	96	106	97	74	6	0	34
JUJ_7240	0	0	0	0	0	0	0	0
JUJ_17980	0	0	0	0	0	0	0	0
JUJ_1584	0	0	0	0	0	0	0	4
JUJ_12534	0	40	50	0	0	17	0	0
JUJ_17452	0	0	0	1	0	0	0	0
JUJ_18267	0	0	0	0	0	0	0	0
JUJ_10800	0	0	0	0	0	1	0	0
JUJ_1724	0	0	0	0	0	0	0	0
JUJ_23552	0	0	0	0	0	0	0	0
JUJ_15695	0	0	0	0	0	0	0	0
JUJ_217	0	0	222	0	0	0	0	5
JUJ_18323	0	0	0	0	0	0	0	0
JUJ_14737	0	0	0	16	0	0	2	0
JUJ_11560	0	0	0	0	0	0	0	10
JUJ_18567	0	0	0	0	0	0	0	0
JUJ_15149	0	0	1	0	0	0	0	0
JUJ_11549	0	119	0	0	0	0	0	0
JUJ_19493	0	2	6	0	0	0	130	0
JUJ_40	0	0	0	0	0	0	1955	0
JUJ_16612	0	0	0	0	0	0	0	0
JUJ_1715	0	3	197	14	1	0	0	0
JUJ_1324	0	0	0	0	0	0	0	0
JUJ_18113	0	0	0	97	0	0	0	13
JUJ_9148	0	0	0	1	0	0	0	0
JUJ_6877	0	0	0	0	0	0	0	0
JUJ_1908	0	6	0	37	0	0	1	4
JUJ_16656	0	0	0	0	0	0	0	0
JUJ_6959	0	0	0	1	0	0	0	0
JUJ_229	0	0	0	1	0	0	0	0
JUJ_9752	0	0	0	0	0	0	0	0
JUJ_10721	0	0	0	0	0	0	0	0
JUJ_14398	0	0	0	0	0	0	0	0
JUJ_12596	0	394	0	0	0	0	0	0
JUJ_1718	0	0	0	0	0	0	0	0
JUJ_1583	0	0	0	0	0	0	0	0
JUJ_18115	0	0	0	12	0	0	0	1
JUJ_8268	0	0	0	0	0	62	0	0
JUJ_2049	0	0	0	0	0	0	0	0
JUJ_17958	0	0	0	0	0	0	0	0
JUJ_13710	0	0	1	2	0	0	0	0
JUJ_11156	0	0	0	0	0	0	0	0
JUJ_17920	0	0	0	0	0	0	0	0
JUJ_6802	0	0	0	0	0	0	0	0
JUJ_9751	0	0	0	0	0	0	0	0
JUJ_12823	0	0	0	17	0	0	0	0
JUJ_11888	1	108	0	20	6	0	3	0
JUJ_6903	0	0	0	0	0	0	0	0
JUJ_14328	0	0	0	0	0	0	0	0
JUJ_23331	0	58	270	14	0	0	0	0
JUJ_1742	0	22	1	0	0	0	0	0
JUJ_11480	0	0	0	0	0	6	0	0
JUJ_7230	0	0	0	0	0	5	0	0
JUJ_9740	0	0	23	0	0	0	0	0
JUJ_20954	0	0	0	0	0	0	0	0
JUJ_15181	0	0	0	0	1	0	0	0
JUJ_18128	0	0	0	0	0	0	0	0
JUJ_18244	0	0	0	43	0	0	0	0
JUJ_6828	0	0	0	0	0	0	0	0
JUJ_12797	0	1	2	0	0	0	0	0
JUJ_16675	0	0	0	0	0	0	0	0
JUJ_14392	0	0	1	0	0	0	0	0
JUJ_1768	0	33	0	0	0	0	0	0
JUJ_8612	0	0	0	0	0	0	0	0
JUJ_14291	0	55	0	59	0	0	1	13
JUJ_4422	0	0	0	0	0	0	0	0
JUJ_1741	0	0	0	0	0	0	0	0
JUJ_11453	0	0	0	0	0	0	0	0
JUJ_7050	0	0	0	0	0	0	0	0
JUJ_18628	0	0	0	20	0	0	0	0
JUJ_13718	0	194	0	0	0	0	0	0
JUJ_1836	0	0	0	0	1	0	0	0
JUJ_699	0	0	0	0	0	0	0	0
JUJ_21006	0	0	66	18	0	33	0	0
JUJ_12205	0	29	27	4	38	1	0	12
JUJ_4417	0	0	0	0	0	0	0	0
JUJ_12815	0	0	2	295	0	0	0	3
JUJ_18101	0	0	0	107	0	0	0	0
JUJ_1757	0	0	0	0	0	0	0	0
JUJ_12841	0	0	0	0	0	0	0	0
JUJ_1999	0	0	0	0	0	0	0	0
JUJ_18181	0	0	0	0	0	0	0	0
JUJ_13272	0	0	0	0	0	0	0	0
JUJ_6186	0	0	0	0	0	1	0	0
JUJ_4338	0	0	0	0	0	0	0	2
JUJ_12843	0	0	0	0	0	0	0	0
JUJ_11023	0	0	0	0	0	0	0	0
JUJ_17403	0	0	0	0	0	0	0	0
JUJ_20399	0	0	0	1	0	0	1	0
JUJ_18415	0	0	0	0	0	0	0	0
JUJ_1712	0	0	19	0	0	0	0	1
JUJ_18208	0	0	0	0	0	0	0	0
JUJ_5674	0	0	0	1	0	0	0	3
JUJ_18645	0	0	0	0	0	0	0	0
JUJ_21532	0	0	0	0	0	0	0	0
JUJ_1802	0	0	0	0	0	0	0	2
JUJ_17616	0	0	0	0	0	0	0	0
JUJ_11250	0	0	0	0	0	0	0	0
JUJ_12717	0	19	0	22	1	53	0	0
JUJ_3312	0	0	4	9	0	0	229	1
JUJ_4362	0	0	0	0	0	0	0	0
JUJ_19558	0	0	37	28	0	24	0	0
JUJ_1893	0	0	0	0	64	0	0	0
JUJ_10791	0	2	0	33	0	0	0	1
JUJ_1885	0	0	0	0	0	0	0	0
JUJ_7286	0	0	0	0	0	0	0	0
JUJ_22525	0	0	5	0	0	0	8	1
JUJ_288	0	0	0	0	1	0	0	0
JUJ_3734	0	14	0	2	1	0	1	0
JUJ_16627	0	0	0	0	0	0	2	0
JUJ_1784	0	0	0	1	0	0	0	0
JUJ_16626	0	0	0	0	0	61	0	1
JUJ_2023	0	5	0	0	0	0	0	0
JUJ_5974	0	0	0	0	0	0	0	0
JUJ_11593	0	0	202	0	0	52	1	1
JUJ_18157	0	0	0	0	0	0	0	0
JUJ_4452	0	0	0	0	0	0	0	0
JUJ_7003	0	0	0	0	0	0	0	0
JUJ_783	0	0	3	11	18	205	0	1
JUJ_2157	0	0	0	0	0	0	0	0
JUJ_17954	0	0	0	0	0	0	0	0
JUJ_305	0	0	0	0	0	0	0	0
JUJ_1798	0	244	5	20	0	0	0	4
JUJ_17434	5	0	92	0	0	0	0	0
JUJ_10752	0	0	0	0	0	0	0	0
JUJ_19340	0	0	0	0	0	0	0	0
JUJ_12793	0	2	8	107	0	5	0	2
JUJ_6861	0	0	0	0	0	1	0	0
JUJ_15152	0	0	0	0	0	0	0	0
JUJ_1816	0	0	0	0	1	0	0	0
JUJ_6553	0	0	0	0	0	0	0	0
JUJ_12808	0	145	0	0	1	0	0	7
JUJ_6790	0	0	1	0	0	0	0	0
JUJ_18011	0	0	1	0	0	0	0	0
JUJ_12879	0	1	2	3	0	0	0	0
JUJ_15292	0	0	21	61	61	0	0	0
JUJ_12381	0	0	0	0	0	0	0	0
JUJ_13771	0	0	0	0	0	0	0	0
JUJ_7024	0	0	0	0	0	0	0	0
JUJ_1751	0	0	0	0	0	0	0	0
JUJ_1738	0	0	0	13	3	0	0	0
JUJ_12834	0	0	0	0	0	0	0	0
JUJ_14376	0	0	87	0	0	0	241	0
JUJ_13864	0	0	0	0	0	0	0	0
JUJ_8174	0	0	0	0	0	0	0	0
JUJ_1852	0	0	0	0	0	0	0	0
JUJ_19157	0	0	0	0	0	0	0	0
JUJ_13590	0	0	14	0	0	0	0	0
JUJ_18114	0	11	0	0	0	0	0	0
JUJ_15987	3	1	0	0	0	0	0	0
JUJ_17898	0	0	0	12	9	0	0	1
JUJ_11702	0	0	0	0	0	0	0	0
JUJ_12807	0	0	0	8	0	0	0	0
JUJ_17115	0	0	0	0	0	0	0	0
JUJ_2227	0	0	0	0	22	0	0	0
JUJ_20047	0	0	38	40	0	0	0	0
JUJ_21192	0	0	10	0	0	0	1	0
JUJ_18270	0	0	0	0	0	0	0	0
JUJ_5663	0	0	1	0	0	0	54	0
JUJ_4450	0	0	0	0	0	0	0	0
JUJ_12795	345	94	0	0	0	0	1	12
JUJ_12619	0	1	0	0	9	0	0	0
JUJ_1434	0	0	0	0	0	0	0	0
JUJ_1711	0	13	5	3	7	3	2	0
JUJ_295	0	2	2	21	0	0	1	0
JUJ_6894	0	0	0	0	0	0	0	0
JUJ_7104	0	0	0	0	0	15	0	0
JUJ_4436	0	0	0	0	0	1	0	0
JUJ_20848	0	0	0	0	0	0	0	0
JUJ_12812	0	0	0	8	0	0	0	0
JUJ_5658	0	0	0	3	0	0	0	0
JUJ_15151	0	0	0	2	0	0	0	0
JUJ_15330	0	0	0	0	2	0	0	0
JUJ_1097	246	0	0	0	0	0	0	0
JUJ_19424	0	0	0	0	0	0	0	0
JUJ_21067	0	0	0	0	0	0	0	0
JUJ_9856	0	0	0	0	0	0	0	0
JUJ_10725	0	0	19	0	0	0	0	4
JUJ_16545	0	0	1	0	0	0	3	0
JUJ_14164	0	0	0	0	0	0	0	0
JUJ_18297	0	0	0	0	0	0	0	0
JUJ_3648	0	0	56	188	1	4	0	0
JUJ_4554	0	0	0	0	0	0	0	0
JUJ_11768	0	0	0	0	6	0	0	0
JUJ_421	0	0	0	0	0	0	0	0
JUJ_2013	0	0	0	0	0	0	0	0
JUJ_17677	0	0	0	44	0	0	0	0
JUJ_18072	0	0	0	0	25	28	0	0
JUJ_7481	0	0	0	0	0	0	0	1
JUJ_569	0	0	0	0	0	0	0	0
JUJ_18054	0	0	0	0	0	0	0	0
JUJ_18329	0	0	0	0	0	0	0	0
JUJ_11720	0	0	8	50	0	0	0	0
JUJ_15444	0	0	0	0	0	0	0	7
JUJ_11618	0	0	0	0	73	0	0	0
JUJ_19987	0	0	0	0	0	0	0	0
JUJ_16536	0	0	0	0	0	0	0	0
JUJ_16501	0	0	0	0	0	0	0	0
JUJ_1330	0	0	0	642	0	0	0	0
JUJ_18192	0	0	0	0	0	0	0	0
JUJ_9753	0	0	0	0	0	0	0	0
JUJ_19042	0	0	0	0	0	0	0	0
JUJ_6942	0	0	1	0	0	0	0	0
JUJ_18010	0	11	0	1	0	39	0	11
JUJ_1921	0	0	0	0	0	0	0	0
JUJ_1737	0	0	0	0	0	0	0	0
JUJ_9269	0	0	0	0	0	0	0	0
JUJ_6843	0	0	0	0	2	0	0	0
JUJ_18259	0	0	0	0	0	0	0	0
JUJ_2187	0	0	0	0	0	0	0	0
JUJ_12877	0	0	0	0	0	0	0	0
JUJ_14445	0	0	0	0	0	0	1	0
JUJ_1438	0	3	0	1	34	0	0	0
JUJ_23558	0	0	0	0	0	0	0	0
JUJ_15361	0	0	0	0	0	0	0	0
JUJ_12027	0	0	7	0	1	0	0	0
JUJ_11913	0	17	5	3	2	0	0	1
JUJ_12241	0	0	0	0	0	5	3	5
JUJ_6840	0	0	0	0	0	0	0	0
JUJ_2384	0	0	0	0	0	0	0	0
JUJ_23313	1	0	28	12	4	0	0	0
JUJ_18429	0	0	0	0	0	0	0	0
JUJ_20932	0	0	0	0	0	0	0	0
JUJ_5274	0	0	0	0	0	0	0	1
JUJ_1880	0	0	0	0	0	0	1	0
JUJ_1831	0	0	0	0	0	0	0	0
JUJ_6072	0	0	0	20	0	0	0	1
JUJ_1981	0	0	0	0	0	0	0	0
JUJ_21011	0	0	0	0	0	0	0	0
JUJ_9778	0	0	0	0	1	0	0	0
JUJ_13735	0	1	0	1	0	0	0	0
JUJ_2020	0	0	0	36	0	0	0	0
JUJ_1771	0	0	0	0	0	0	0	0
JUJ_12353	0	0	0	0	0	0	0	0
JUJ_1731	0	0	0	253	0	0	0	0
JUJ_4377	0	0	0	0	0	0	0	0
JUJ_4407	0	0	0	0	0	0	0	0
JUJ_13931	0	0	17	0	0	0	0	0
JUJ_11683	0	0	0	1	0	0	1	0
JUJ_1753	0	0	0	0	0	0	0	0
JUJ_7365	0	0	0	0	0	0	0	0
JUJ_5213	0	0	0	0	0	2	1	8
JUJ_16544	0	0	1	0	0	0	0	0
JUJ_18343	0	0	0	0	0	0	0	0
JUJ_1956	0	0	0	0	6	0	1	0
JUJ_18720	0	0	0	0	0	0	0	0
JUJ_18692	0	0	0	0	0	0	0	6
JUJ_11554	0	9	0	0	0	0	0	0
JUJ_13099	0	1	4	43	3	0	0	16
JUJ_15142	0	0	0	0	0	0	0	0
JUJ_15190	0	0	0	0	0	0	0	0
JUJ_13798	0	0	0	0	0	0	0	0
JUJ_7054	0	0	0	1	0	0	0	0
JUJ_15263	0	0	0	46	0	0	0	0
JUJ_7226	0	0	0	0	0	0	0	0
JUJ_16570	0	75	0	0	0	0	0	0
JUJ_13779	0	0	0	0	0	0	0	0
JUJ_18562	0	0	0	0	0	0	0	0
JUJ_1328	17	0	0	51	0	53	1	1
JUJ_6174	0	0	0	0	0	0	0	0
JUJ_8054	0	0	0	0	0	0	0	11
JUJ_15109	0	24	5	0	0	0	0	0
JUJ_863	0	0	24	0	1	0	1	0
JUJ_23292	0	0	0	0	0	0	0	0
JUJ_12831	0	0	0	47	0	0	0	0
JUJ_20327	0	35	0	0	1	0	0	0
JUJ_14531	0	0	24	0	0	0	0	0
JUJ_17621	0	0	0	0	0	0	0	0
JUJ_15314	0	3	0	268	0	0	0	0
JUJ_12703	0	0	231	47	8	42	0	6
JUJ_2061	0	36	0	0	0	0	0	0
JUJ_11623	0	17	2	45	7	0	0	6
JUJ_17923	0	0	0	0	0	0	0	0
JUJ_18117	0	0	0	0	0	0	0	0
JUJ_8154	0	0	0	0	0	0	0	0
JUJ_7042	0	0	0	0	0	0	0	0
JUJ_11621	0	0	0	0	2	0	0	0
JUJ_4347	0	0	0	0	0	0	0	0
JUJ_19949	0	0	0	0	0	0	0	0
JUJ_1928	0	0	0	0	0	0	0	0
JUJ_18074	0	0	0	0	0	0	0	0
JUJ_19576	0	0	0	0	0	0	0	0
JUJ_7590	0	0	0	0	0	0	0	0
JUJ_11761	0	0	4	31	0	0	0	0
JUJ_2506	0	0	0	0	0	0	0	0
JUJ_4366	0	0	0	15	0	0	0	0
JUJ_4381	0	0	0	0	0	0	1	0
JUJ_18858	0	0	0	0	0	0	0	0
JUJ_2548	0	29	0	0	5	0	0	0
JUJ_20847	0	0	1	0	65	0	0	0
JUJ_1787	0	0	0	0	0	17	0	0
JUJ_1837	0	0	0	0	0	0	0	0
JUJ_7027	0	0	0	0	0	0	0	0
JUJ_12819	0	0	7	20	0	0	0	0
JUJ_9803	0	0	0	0	0	0	0	0
JUJ_4341	0	0	0	0	0	0	0	0
JUJ_12536	0	0	2	0	0	0	21	0
JUJ_19522	0	0	0	0	0	0	0	0
JUJ_21227	0	0	1	0	0	0	0	0
JUJ_12805	0	2	0	1	0	0	0	0
JUJ_7996	0	0	0	0	0	0	0	0
JUJ_21215	0	0	0	0	0	0	0	0
JUJ_17890	0	35	2	46	0	0	0	4
JUJ_18125	0	0	0	0	0	0	0	0
JUJ_11675	0	0	0	0	0	0	0	0
JUJ_9912	0	0	2	41	0	0	0	0
JUJ_3340	0	1	13	0	0	0	0	4
JUJ_12046	0	19	21	0	4	1	0	0
JUJ_1976	0	0	0	0	0	0	0	0
JUJ_17218	0	0	0	0	0	0	0	0
JUJ_12028	0	0	2	0	0	2	0	3
JUJ_16560	0	0	2	0	0	0	0	0
