
already sample present  N09391SN00 /Users/sariyasanjeev/bin/merge_otu_table/mini_april.txt
already sample present  L08239SN00 /Users/sariyasanjeev/bin/merge_otu_table/mini_april.txt
already sample present  L87107IM00 /Users/sariyasanjeev/bin/merge_otu_table/mini_new.txt
already sample present  N08354M600 /Users/sariyasanjeev/bin/merge_otu_table/mini_new.txt
already sample present  L08239SN00 /Users/sariyasanjeev/bin/merge_otu_table/mini_new.txt
already sample present  M04248CT00 /Users/sariyasanjeev/bin/merge_otu_table/mini_new.txt
already sample present  N18747SN02 /Users/sariyasanjeev/bin/merge_otu_table/mini_new.txt
already sample present  N15954SN00 /Users/sariyasanjeev/bin/merge_otu_table/mini_new.txt
already sample present  L19198M600 /Users/sariyasanjeev/bin/merge_otu_table/mini_new.txt
already sample present  L13716Y100 /Users/sariyasanjeev/bin/merge_otu_table/mini_new.txt
row count  1004  column count  20
OTUid	N04231CT00	N14551M600	N06891Y100	M19165M600	N06299CT00	L17774SN00	N09846SN00	N09391SN00	L87107IM00	N08354M600	L08239SN00	M04248CT00	N18747SN02	N15954SN00	L19198M600	L13716Y100	NEC3	NEC1	N19035SN00	M07845SN00	
REP_11743	9253.0	18976.0	21.0	106.0	329.0	328.0	5161.0	103.0	1953.0	37792.0	11615.0	11575.0	43420.0	6534.0	160.0	1286.0	0.0	0.0	0.0	0.0	
REP_14215	479.0	2052.0	38.0	35139.0	56921.0	18265.0	197105.0	11527.0	47.0	5555.0	52535.0	6330.0	28.0	119.0	45.0	148.0	0.0	0.0	0.0	0.0	
OTU_19586	0.0	0.0	0.0	0.0	0.0	0.0	0.0	1.0	0.0	0.0	1.0	0.0	0.0	0.0	0.0	0.0	1.0	3.0	0.0	2.0	
OTU_8243	0.0	0.0	0.0	0.0	0.0	0.0	0.0	1.0	0.0	0.0	2.0	0.0	0.0	0.0	0.0	0.0	1.0	1.0	0.0	0.0	
JUJ_11738	0.0	0.0	0.0	0.0	0.0	0.0	0.0	0.0	16.0	9337.0	3500.0	117.0	28254.0	1205.0	23.0	207.0	0.0	0.0	0.0	0.0	
JUJ_5994	0.0	0.0	0.0	0.0	0.0	0.0	0.0	0.0	0.0	0.0	0.0	0.0	0.0	0.0	0.0	0.0	0.0	0.0	0.0	0.0	
JUJ_3319	0.0	0.0	0.0	0.0	0.0	0.0	0.0	0.0	0.0	32.0	340.0	1.0	0.0	0.0	12.0	29.0	0.0	0.0	0.0	0.0	
JUJ_5660	0.0	0.0	0.0	0.0	0.0	0.0	0.0	0.0	131.0	143.0	16056.0	417.0	33.0	84.0	13957.0	2222.0	0.0	0.0	0.0	0.0	
JUJ_9188	0.0	0.0	0.0	0.0	0.0	0.0	0.0	0.0	0.0	0.0	3.0	0.0	0.0	0.0	0.0	0.0	0.0	0.0	0.0	0.0	
JUJ_5431	0.0	0.0	0.0	0.0	0.0	0.0	0.0	0.0	0.0	132.0	912.0	30.0	0.0	3.0	7.0	12.0	0.0	0.0	0.0	0.0	
JUJ_304	0.0	0.0	0.0	0.0	0.0	0.0	0.0	0.0	19.0	377.0	13266.0	10068.0	15.0	20.0	38578.0	474.0	0.0	0.0	0.0	0.0	
JUJ_16470	0.0	0.0	0.0	0.0	0.0	0.0	0.0	0.0	888.0	2359.0	35469.0	44261.0	1375.0	121.0	16467.0	9134.0	0.0	0.0	0.0	0.0	
JUJ_5798	0.0	0.0	0.0	0.0	0.0	0.0	0.0	0.0	0.0	0.0	0.0	0.0	0.0	0.0	0.0	0.0	0.0	0.0	0.0	0.0	
JUJ_12384	0.0	0.0	0.0	0.0	0.0	0.0	0.0	0.0	10.0	5640.0	337.0	1681.0	724.0	1271.0	20.0	259.0	0.0	0.0	0.0	0.0	
JUJ_19138	0.0	0.0	0.0	0.0	0.0	0.0	0.0	0.0	0.0	284.0	649.0	14.0	3.0	24.0	11270.0	27.0	0.0	0.0	0.0	0.0	
JUJ_5694	0.0	0.0	0.0	0.0	0.0	0.0	0.0	0.0	0.0	403.0	13597.0	2668.0	74.0	10.0	4615.0	428.0	0.0	0.0	0.0	0.0	
JUJ_11737	0.0	0.0	0.0	0.0	0.0	0.0	0.0	0.0	1.0	19.0	5199.0	43.0	5.0	6.0	0.0	2.0	0.0	0.0	0.0	0.0	
JUJ_284	0.0	0.0	0.0	0.0	0.0	0.0	0.0	0.0	47.0	601.0	16842.0	35.0	100.0	22.0	10.0	2813.0	0.0	0.0	0.0	0.0	
JUJ_50	0.0	0.0	0.0	0.0	0.0	0.0	0.0	0.0	1158.0	2612.0	289.0	1782.0	2412.0	974.0	32.0	417.0	0.0	0.0	0.0	0.0	
JUJ_12430	0.0	0.0	0.0	0.0	0.0	0.0	0.0	0.0	24.0	315.0	1074.0	5.0	1597.0	78.0	2.0	29.0	0.0	0.0	0.0	0.0	
JUJ_8376	0.0	0.0	0.0	0.0	0.0	0.0	0.0	0.0	0.0	0.0	0.0	12.0	10.0	0.0	0.0	4.0	0.0	0.0	0.0	0.0	
JUJ_3640	0.0	0.0	0.0	0.0	0.0	0.0	0.0	0.0	0.0	165.0	2.0	1.0	247.0	47.0	0.0	0.0	0.0	0.0	0.0	0.0	
JUJ_5472	0.0	0.0	0.0	0.0	0.0	0.0	0.0	0.0	0.0	40.0	471.0	1.0	0.0	0.0	0.0	5.0	0.0	0.0	0.0	0.0	
JUJ_11959	0.0	0.0	0.0	0.0	0.0	0.0	0.0	0.0	10.0	9794.0	179.0	2362.0	493.0	138.0	31.0	25.0	0.0	0.0	0.0	0.0	
JUJ_18110	0.0	0.0	0.0	0.0	0.0	0.0	0.0	0.0	0.0	1157.0	44609.0	6079.0	520.0	15.0	304.0	117.0	0.0	0.0	0.0	0.0	
JUJ_18045	0.0	0.0	0.0	0.0	0.0	0.0	0.0	0.0	0.0	4.0	137.0	7.0	1.0	2.0	43659.0	20.0	0.0	0.0	0.0	0.0	
JUJ_467	0.0	0.0	0.0	0.0	0.0	0.0	0.0	0.0	1.0	1.0	30.0	939.0	19.0	3173.0	2.0	36.0	0.0	0.0	0.0	0.0	
JUJ_13257	0.0	0.0	0.0	0.0	0.0	0.0	0.0	0.0	0.0	342.0	218.0	85.0	1.0	3.0	38842.0	25.0	0.0	0.0	0.0	0.0	
JUJ_14197	0.0	0.0	0.0	0.0	0.0	0.0	0.0	0.0	0.0	0.0	5.0	1.0	0.0	0.0	1.0	0.0	0.0	0.0	0.0	0.0	
JUJ_26	0.0	0.0	0.0	0.0	0.0	0.0	0.0	0.0	327.0	431.0	2214.0	127.0	66.0	315.0	142.0	31.0	0.0	0.0	0.0	0.0	
JUJ_4461	0.0	0.0	0.0	0.0	0.0	0.0	0.0	0.0	12.0	7.0	42.0	15.0	6.0	6.0	11914.0	22.0	0.0	0.0	0.0	0.0	
JUJ_15039	0.0	0.0	0.0	0.0	0.0	0.0	0.0	0.0	0.0	805.0	124.0	1277.0	4.0	83.0	18.0	31.0	0.0	0.0	0.0	0.0	
JUJ_11855	0.0	0.0	0.0	0.0	0.0	0.0	0.0	0.0	250.0	25.0	1455.0	146.0	33.0	1291.0	0.0	207.0	0.0	0.0	0.0	0.0	
JUJ_14138	0.0	0.0	0.0	0.0	0.0	0.0	0.0	0.0	0.0	0.0	13.0	0.0	0.0	0.0	0.0	0.0	0.0	0.0	0.0	0.0	
JUJ_69	0.0	0.0	0.0	0.0	0.0	0.0	0.0	0.0	0.0	0.0	2.0	3.0	0.0	0.0	24414.0	1.0	0.0	0.0	0.0	0.0	
JUJ_5409	0.0	0.0	0.0	0.0	0.0	0.0	0.0	0.0	0.0	627.0	17752.0	1265.0	28.0	13.0	36836.0	119.0	0.0	0.0	0.0	0.0	
JUJ_372	0.0	0.0	0.0	0.0	0.0	0.0	0.0	0.0	98.0	459.0	4.0	110.0	159.0	233.0	10.0	112.0	0.0	0.0	0.0	0.0	
JUJ_5727	0.0	0.0	0.0	0.0	0.0	0.0	0.0	0.0	0.0	229.0	303.0	996.0	2.0	10.0	11788.0	5.0	0.0	0.0	0.0	0.0	
JUJ_18767	0.0	0.0	0.0	0.0	0.0	0.0	0.0	0.0	0.0	0.0	6.0	2.0	2.0	0.0	182.0	0.0	0.0	0.0	0.0	0.0	
JUJ_10720	0.0	0.0	0.0	0.0	0.0	0.0	0.0	0.0	0.0	6.0	3114.0	20.0	4.0	3.0	42055.0	40.0	0.0	0.0	0.0	0.0	
JUJ_18013	0.0	0.0	0.0	0.0	0.0	0.0	0.0	0.0	8.0	11.0	26962.0	124.0	1.0	1.0	2.0	31.0	0.0	0.0	0.0	0.0	
JUJ_122	0.0	0.0	0.0	0.0	0.0	0.0	0.0	0.0	608.0	13.0	15.0	16.0	12.0	1.0	4.0	1.0	0.0	0.0	0.0	0.0	
JUJ_15534	0.0	0.0	0.0	0.0	0.0	0.0	0.0	0.0	0.0	134.0	154.0	2.0	1.0	0.0	9432.0	3.0	0.0	0.0	0.0	0.0	
JUJ_5725	0.0	0.0	0.0	0.0	0.0	0.0	0.0	0.0	0.0	0.0	2.0	18.0	5.0	15.0	8.0	83.0	0.0	0.0	0.0	0.0	
JUJ_134	0.0	0.0	0.0	0.0	0.0	0.0	0.0	0.0	36.0	663.0	340.0	128.0	168.0	99.0	75.0	108.0	0.0	0.0	0.0	0.0	
JUJ_21183	0.0	0.0	0.0	0.0	0.0	0.0	0.0	0.0	61.0	619.0	16298.0	1134.0	1334.0	13.0	322.0	5633.0	0.0	0.0	0.0	0.0	
JUJ_5722	0.0	0.0	0.0	0.0	0.0	0.0	0.0	0.0	0.0	0.0	0.0	0.0	0.0	0.0	0.0	0.0	0.0	0.0	0.0	0.0	
JUJ_18218	0.0	0.0	0.0	0.0	0.0	0.0	0.0	0.0	0.0	48.0	20.0	2.0	1.0	0.0	0.0	0.0	0.0	0.0	0.0	0.0	
JUJ_18578	0.0	0.0	0.0	0.0	0.0	0.0	0.0	0.0	0.0	0.0	773.0	2.0	1.0	2.0	3.0	3.0	0.0	0.0	0.0	0.0	
JUJ_12235	0.0	0.0	0.0	0.0	0.0	0.0	0.0	0.0	2.0	921.0	382.0	0.0	863.0	38.0	2.0	33.0	0.0	0.0	0.0	0.0	
JUJ_22022	0.0	0.0	0.0	0.0	0.0	0.0	0.0	0.0	11.0	5.0	21543.0	44.0	3.0	8.0	5.0	100.0	0.0	0.0	0.0	0.0	
JUJ_11968	0.0	0.0	0.0	0.0	0.0	0.0	0.0	0.0	5.0	11922.0	5320.0	13227.0	5341.0	26.0	31.0	5228.0	0.0	0.0	0.0	0.0	
JUJ_5470	0.0	0.0	0.0	0.0	0.0	0.0	0.0	0.0	71.0	0.0	0.0	0.0	0.0	1.0	0.0	10.0	0.0	0.0	0.0	0.0	
JUJ_13762	0.0	0.0	0.0	0.0	0.0	0.0	0.0	0.0	50.0	829.0	5104.0	22.0	2.0	0.0	12665.0	5.0	0.0	0.0	0.0	0.0	
JUJ_13757	0.0	0.0	0.0	0.0	0.0	0.0	0.0	0.0	2.0	9.0	114.0	62.0	62.0	0.0	4.0	15.0	0.0	0.0	0.0	0.0	
JUJ_12020	0.0	0.0	0.0	0.0	0.0	0.0	0.0	0.0	1.0	2.0	0.0	0.0	1.0	1.0	0.0	0.0	0.0	0.0	0.0	0.0	
JUJ_13793	0.0	0.0	0.0	0.0	0.0	0.0	0.0	0.0	0.0	2.0	97.0	1.0	0.0	0.0	1.0	10.0	0.0	0.0	0.0	0.0	
JUJ_5914	0.0	0.0	0.0	0.0	0.0	0.0	0.0	0.0	0.0	1.0	1.0	133.0	0.0	26.0	2.0	2.0	0.0	0.0	0.0	0.0	
JUJ_5402	0.0	0.0	0.0	0.0	0.0	0.0	0.0	0.0	0.0	1.0	347.0	7.0	57.0	28.0	4.0	90.0	0.0	0.0	0.0	0.0	
JUJ_23472	0.0	0.0	0.0	0.0	0.0	0.0	0.0	0.0	1.0	121.0	3048.0	2708.0	501.0	6.0	6.0	107.0	0.0	0.0	0.0	0.0	
JUJ_264	0.0	0.0	0.0	0.0	0.0	0.0	0.0	0.0	486.0	6667.0	1176.0	5132.0	1180.0	1200.0	71.0	234.0	0.0	0.0	0.0	0.0	
JUJ_263	0.0	0.0	0.0	0.0	0.0	0.0	0.0	0.0	0.0	5.0	51.0	2.0	0.0	0.0	74970.0	5.0	0.0	0.0	0.0	0.0	
JUJ_6777	0.0	0.0	0.0	0.0	0.0	0.0	0.0	0.0	1.0	4.0	69.0	4.0	1.0	1.0	110320.0	7.0	0.0	0.0	0.0	0.0	
JUJ_13756	0.0	0.0	0.0	0.0	0.0	0.0	0.0	0.0	0.0	3.0	34.0	0.0	1.0	0.0	18636.0	6.0	0.0	0.0	0.0	0.0	
JUJ_16907	0.0	0.0	0.0	0.0	0.0	0.0	0.0	0.0	1.0	21.0	4853.0	51.0	17.0	7.0	3927.0	88.0	0.0	0.0	0.0	0.0	
JUJ_18062	0.0	0.0	0.0	0.0	0.0	0.0	0.0	0.0	0.0	6.0	425.0	2.0	27.0	1.0	15598.0	4.0	0.0	0.0	0.0	0.0	
JUJ_15144	0.0	0.0	0.0	0.0	0.0	0.0	0.0	0.0	1.0	12.0	1536.0	14234.0	22.0	2.0	34651.0	65.0	0.0	0.0	0.0	0.0	
JUJ_18001	0.0	0.0	0.0	0.0	0.0	0.0	0.0	0.0	1741.0	28.0	6949.0	86.0	109.0	30.0	39.0	3438.0	0.0	0.0	0.0	0.0	
JUJ_12408	0.0	0.0	0.0	0.0	0.0	0.0	0.0	0.0	11.0	2209.0	156.0	166.0	3312.0	52.0	6.0	13.0	0.0	0.0	0.0	0.0	
JUJ_12922	0.0	0.0	0.0	0.0	0.0	0.0	0.0	0.0	52.0	1.0	9.0	0.0	0.0	2.0	0.0	570.0	0.0	0.0	0.0	0.0	
JUJ_14225	0.0	0.0	0.0	0.0	0.0	0.0	0.0	0.0	0.0	11.0	34.0	0.0	0.0	0.0	0.0	0.0	0.0	0.0	0.0	0.0	
JUJ_11555	0.0	0.0	0.0	0.0	0.0	0.0	0.0	0.0	0.0	0.0	1.0	21.0	0.0	4.0	0.0	0.0	0.0	0.0	0.0	0.0	
JUJ_17550	0.0	0.0	0.0	0.0	0.0	0.0	0.0	0.0	0.0	21.0	194.0	6.0	0.0	2.0	14215.0	8.0	0.0	0.0	0.0	0.0	
JUJ_18847	0.0	0.0	0.0	0.0	0.0	0.0	0.0	0.0	0.0	0.0	2.0	2.0	0.0	0.0	1297.0	0.0	0.0	0.0	0.0	0.0	
JUJ_11748	0.0	0.0	0.0	0.0	0.0	0.0	0.0	0.0	0.0	0.0	402.0	0.0	0.0	0.0	0.0	0.0	0.0	0.0	0.0	0.0	
JUJ_12957	0.0	0.0	0.0	0.0	0.0	0.0	0.0	0.0	0.0	105.0	10.0	22.0	6.0	0.0	0.0	0.0	0.0	0.0	0.0	0.0	
JUJ_15220	0.0	0.0	0.0	0.0	0.0	0.0	0.0	0.0	0.0	5261.0	15.0	81.0	0.0	0.0	0.0	0.0	0.0	0.0	0.0	0.0	
JUJ_18509	0.0	0.0	0.0	0.0	0.0	0.0	0.0	0.0	0.0	3.0	2.0	0.0	0.0	0.0	0.0	1.0	0.0	0.0	0.0	0.0	
JUJ_21148	0.0	0.0	0.0	0.0	0.0	0.0	0.0	0.0	0.0	342.0	31.0	23.0	0.0	0.0	1612.0	0.0	0.0	0.0	0.0	0.0	
JUJ_12376	0.0	0.0	0.0	0.0	0.0	0.0	0.0	0.0	7.0	87.0	0.0	0.0	60.0	1.0	0.0	0.0	0.0	0.0	0.0	0.0	
JUJ_15161	0.0	0.0	0.0	0.0	0.0	0.0	0.0	0.0	1.0	5.0	129.0	3.0	1.0	0.0	0.0	12.0	0.0	0.0	0.0	0.0	
JUJ_13399	0.0	0.0	0.0	0.0	0.0	0.0	0.0	0.0	0.0	2.0	150.0	2.0	0.0	1.0	1.0	2.0	0.0	0.0	0.0	0.0	
JUJ_155	0.0	0.0	0.0	0.0	0.0	0.0	0.0	0.0	183.0	12.0	0.0	0.0	0.0	0.0	1.0	1.0	0.0	0.0	0.0	0.0	
JUJ_13861	0.0	0.0	0.0	0.0	0.0	0.0	0.0	0.0	0.0	7.0	109.0	5.0	6.0	1.0	0.0	10.0	0.0	0.0	0.0	0.0	
JUJ_5829	0.0	0.0	0.0	0.0	0.0	0.0	0.0	0.0	0.0	1.0	5.0	1.0	0.0	0.0	5270.0	1.0	0.0	0.0	0.0	0.0	
JUJ_576	0.0	0.0	0.0	0.0	0.0	0.0	0.0	0.0	4568.0	0.0	2.0	0.0	0.0	0.0	0.0	0.0	0.0	0.0	0.0	0.0	
JUJ_365	0.0	0.0	0.0	0.0	0.0	0.0	0.0	0.0	0.0	0.0	0.0	11.0	3.0	0.0	6.0	0.0	0.0	0.0	0.0	0.0	
JUJ_6124	0.0	0.0	0.0	0.0	0.0	0.0	0.0	0.0	0.0	1.0	348.0	1598.0	0.0	0.0	1249.0	1.0	0.0	0.0	0.0	0.0	
JUJ_12019	0.0	0.0	0.0	0.0	0.0	0.0	0.0	0.0	0.0	28823.0	6.0	0.0	0.0	0.0	0.0	0.0	0.0	0.0	0.0	0.0	
JUJ_11765	0.0	0.0	0.0	0.0	0.0	0.0	0.0	0.0	367.0	207.0	377.0	62.0	17.0	43.0	24.0	165.0	0.0	0.0	0.0	0.0	
JUJ_16637	0.0	0.0	0.0	0.0	0.0	0.0	0.0	0.0	0.0	50.0	297.0	1129.0	45.0	88.0	2.0	42.0	0.0	0.0	0.0	0.0	
JUJ_7786	0.0	0.0	0.0	0.0	0.0	0.0	0.0	0.0	0.0	0.0	0.0	0.0	0.0	0.0	18154.0	0.0	0.0	0.0	0.0	0.0	
JUJ_14074	0.0	0.0	0.0	0.0	0.0	0.0	0.0	0.0	0.0	104.0	67.0	13.0	13.0	1.0	1212.0	1.0	0.0	0.0	0.0	0.0	
JUJ_12106	0.0	0.0	0.0	0.0	0.0	0.0	0.0	0.0	29.0	1636.0	70.0	350.0	936.0	446.0	13.0	26.0	0.0	0.0	0.0	0.0	
JUJ_239	0.0	0.0	0.0	0.0	0.0	0.0	0.0	0.0	0.0	68.0	5351.0	400.0	0.0	3.0	6197.0	3.0	0.0	0.0	0.0	0.0	
JUJ_1924	0.0	0.0	0.0	0.0	0.0	0.0	0.0	0.0	97.0	1.0	960.0	12.0	7.0	10.0	4.0	2665.0	0.0	0.0	0.0	0.0	
JUJ_391	0.0	0.0	0.0	0.0	0.0	0.0	0.0	0.0	0.0	5.0	1.0	11.0	1.0	8.0	0.0	24.0	0.0	0.0	0.0	0.0	
JUJ_23491	0.0	0.0	0.0	0.0	0.0	0.0	0.0	0.0	5.0	65.0	39.0	7.0	276.0	9.0	9.0	8.0	0.0	0.0	0.0	0.0	
JUJ_18286	0.0	0.0	0.0	0.0	0.0	0.0	0.0	0.0	7.0	742.0	9031.0	5006.0	1.0	8.0	11.0	185.0	0.0	0.0	0.0	0.0	
JUJ_15337	0.0	0.0	0.0	0.0	0.0	0.0	0.0	0.0	0.0	5.0	62.0	5.0	0.0	0.0	1.0	187.0	0.0	0.0	0.0	0.0	
JUJ_73	0.0	0.0	0.0	0.0	0.0	0.0	0.0	0.0	0.0	51.0	29.0	223.0	103.0	13.0	7.0	11.0	0.0	0.0	0.0	0.0	
JUJ_17903	0.0	0.0	0.0	0.0	0.0	0.0	0.0	0.0	0.0	0.0	0.0	0.0	0.0	0.0	0.0	0.0	0.0	0.0	0.0	0.0	
JUJ_23093	0.0	0.0	0.0	0.0	0.0	0.0	0.0	0.0	21.0	5559.0	514.0	1143.0	919.0	13.0	1.0	44.0	0.0	0.0	0.0	0.0	
JUJ_5849	0.0	0.0	0.0	0.0	0.0	0.0	0.0	0.0	0.0	0.0	110.0	33.0	0.0	0.0	9999.0	10.0	0.0	0.0	0.0	0.0	
JUJ_21322	0.0	0.0	0.0	0.0	0.0	0.0	0.0	0.0	13.0	1779.0	210.0	1218.0	70.0	14.0	11.0	58.0	0.0	0.0	0.0	0.0	
JUJ_12519	0.0	0.0	0.0	0.0	0.0	0.0	0.0	0.0	0.0	7.0	186.0	7.0	4.0	1.0	1670.0	0.0	0.0	0.0	0.0	0.0	
JUJ_13326	0.0	0.0	0.0	0.0	0.0	0.0	0.0	0.0	0.0	0.0	113.0	8.0	4.0	5.0	0.0	7.0	0.0	0.0	0.0	0.0	
JUJ_277	0.0	0.0	0.0	0.0	0.0	0.0	0.0	0.0	5.0	1.0	1.0	0.0	0.0	5.0	0.0	16.0	0.0	0.0	0.0	0.0	
JUJ_358	0.0	0.0	0.0	0.0	0.0	0.0	0.0	0.0	0.0	2.0	5.0	2.0	1.0	0.0	41.0	1.0	0.0	0.0	0.0	0.0	
JUJ_10848	0.0	0.0	0.0	0.0	0.0	0.0	0.0	0.0	18.0	69.0	705.0	695.0	3.0	1.0	6761.0	11.0	0.0	0.0	0.0	0.0	
JUJ_462	0.0	0.0	0.0	0.0	0.0	0.0	0.0	0.0	0.0	50.0	5.0	157.0	101.0	213.0	16.0	0.0	0.0	0.0	0.0	0.0	
JUJ_11774	0.0	0.0	0.0	0.0	0.0	0.0	0.0	0.0	538.0	431.0	438.0	32.0	795.0	197.0	14.0	284.0	0.0	0.0	0.0	0.0	
JUJ_5792	0.0	0.0	0.0	0.0	0.0	0.0	0.0	0.0	1.0	27.0	81.0	64.0	7.0	501.0	1.0	46.0	0.0	0.0	0.0	0.0	
JUJ_18212	0.0	0.0	0.0	0.0	0.0	0.0	0.0	0.0	0.0	177.0	1497.0	4381.0	0.0	1.0	4.0	10.0	0.0	0.0	0.0	0.0	
JUJ_12220	0.0	0.0	0.0	0.0	0.0	0.0	0.0	0.0	1.0	7.0	6.0	1.0	1.0	0.0	0.0	3.0	0.0	0.0	0.0	0.0	
JUJ_16609	0.0	0.0	0.0	0.0	0.0	0.0	0.0	0.0	0.0	334.0	19.0	0.0	0.0	0.0	0.0	0.0	0.0	0.0	0.0	0.0	
JUJ_18592	0.0	0.0	0.0	0.0	0.0	0.0	0.0	0.0	0.0	0.0	3.0	0.0	0.0	93.0	0.0	12.0	0.0	0.0	0.0	0.0	
JUJ_12042	0.0	0.0	0.0	0.0	0.0	0.0	0.0	0.0	0.0	0.0	0.0	0.0	0.0	0.0	0.0	0.0	0.0	0.0	0.0	0.0	
JUJ_11759	0.0	0.0	0.0	0.0	0.0	0.0	0.0	0.0	0.0	101.0	80.0	236.0	12.0	751.0	1.0	39.0	0.0	0.0	0.0	0.0	
JUJ_470	0.0	0.0	0.0	0.0	0.0	0.0	0.0	0.0	0.0	0.0	0.0	5.0	1.0	0.0	9.0	6.0	0.0	0.0	0.0	0.0	
JUJ_3310	0.0	0.0	0.0	0.0	0.0	0.0	0.0	0.0	0.0	0.0	32.0	1.0	0.0	0.0	0.0	0.0	0.0	0.0	0.0	0.0	
JUJ_12405	0.0	0.0	0.0	0.0	0.0	0.0	0.0	0.0	0.0	1086.0	21.0	44.0	0.0	0.0	0.0	11.0	0.0	0.0	0.0	0.0	
JUJ_9235	0.0	0.0	0.0	0.0	0.0	0.0	0.0	0.0	0.0	0.0	13.0	0.0	0.0	0.0	30.0	1.0	0.0	0.0	0.0	0.0	
JUJ_14145	0.0	0.0	0.0	0.0	0.0	0.0	0.0	0.0	0.0	0.0	14.0	1.0	0.0	0.0	0.0	0.0	0.0	0.0	0.0	0.0	
JUJ_18003	0.0	0.0	0.0	0.0	0.0	0.0	0.0	0.0	0.0	1.0	0.0	0.0	269.0	0.0	1.0	0.0	0.0	0.0	0.0	0.0	
JUJ_13739	0.0	0.0	0.0	0.0	0.0	0.0	0.0	0.0	0.0	0.0	3.0	1.0	0.0	43.0	0.0	0.0	0.0	0.0	0.0	0.0	
JUJ_12630	0.0	0.0	0.0	0.0	0.0	0.0	0.0	0.0	0.0	86.0	9.0	0.0	0.0	7.0	0.0	0.0	0.0	0.0	0.0	0.0	
JUJ_656	0.0	0.0	0.0	0.0	0.0	0.0	0.0	0.0	0.0	0.0	2.0	3.0	0.0	0.0	97.0	1.0	0.0	0.0	0.0	0.0	
JUJ_13769	0.0	0.0	0.0	0.0	0.0	0.0	0.0	0.0	0.0	40.0	0.0	12.0	3.0	13.0	10.0	1.0	0.0	0.0	0.0	0.0	
JUJ_15186	0.0	0.0	0.0	0.0	0.0	0.0	0.0	0.0	0.0	1.0	13.0	0.0	0.0	0.0	32849.0	2.0	0.0	0.0	0.0	0.0	
JUJ_12414	0.0	0.0	0.0	0.0	0.0	0.0	0.0	0.0	0.0	286.0	206.0	898.0	639.0	87.0	27.0	101.0	0.0	0.0	0.0	0.0	
JUJ_648	0.0	0.0	0.0	0.0	0.0	0.0	0.0	0.0	0.0	1.0	5.0	0.0	0.0	0.0	1.0	0.0	0.0	0.0	0.0	0.0	
JUJ_15140	0.0	0.0	0.0	0.0	0.0	0.0	0.0	0.0	0.0	0.0	0.0	5.0	0.0	0.0	0.0	0.0	0.0	0.0	0.0	0.0	
JUJ_20936	0.0	0.0	0.0	0.0	0.0	0.0	0.0	0.0	0.0	12.0	13.0	0.0	0.0	9.0	0.0	0.0	0.0	0.0	0.0	0.0	
JUJ_6040	0.0	0.0	0.0	0.0	0.0	0.0	0.0	0.0	0.0	0.0	0.0	33.0	1.0	145.0	1.0	1.0	0.0	0.0	0.0	0.0	
JUJ_15982	0.0	0.0	0.0	0.0	0.0	0.0	0.0	0.0	0.0	0.0	0.0	0.0	0.0	0.0	0.0	0.0	0.0	0.0	0.0	0.0	
JUJ_382	0.0	0.0	0.0	0.0	0.0	0.0	0.0	0.0	77.0	781.0	411.0	132.0	561.0	165.0	156.0	136.0	0.0	0.0	0.0	0.0	
JUJ_12597	0.0	0.0	0.0	0.0	0.0	0.0	0.0	0.0	16.0	976.0	382.0	208.0	523.0	211.0	9.0	51.0	0.0	0.0	0.0	0.0	
JUJ_16489	0.0	0.0	0.0	0.0	0.0	0.0	0.0	0.0	0.0	0.0	0.0	0.0	0.0	0.0	0.0	0.0	0.0	0.0	0.0	0.0	
JUJ_15285	0.0	0.0	0.0	0.0	0.0	0.0	0.0	0.0	0.0	0.0	2.0	2.0	2.0	0.0	2.0	2.0	0.0	0.0	0.0	0.0	
JUJ_2270	0.0	0.0	0.0	0.0	0.0	0.0	0.0	0.0	0.0	0.0	0.0	6.0	4.0	0.0	0.0	3.0	0.0	0.0	0.0	0.0	
JUJ_16810	0.0	0.0	0.0	0.0	0.0	0.0	0.0	0.0	0.0	0.0	0.0	0.0	0.0	0.0	0.0	0.0	0.0	0.0	0.0	0.0	
JUJ_5589	0.0	0.0	0.0	0.0	0.0	0.0	0.0	0.0	0.0	0.0	22.0	2.0	2.0	0.0	56172.0	3.0	0.0	0.0	0.0	0.0	
JUJ_13023	0.0	0.0	0.0	0.0	0.0	0.0	0.0	0.0	0.0	182.0	61.0	0.0	0.0	0.0	1.0	11.0	0.0	0.0	0.0	0.0	
JUJ_11718	0.0	0.0	0.0	0.0	0.0	0.0	0.0	0.0	8.0	1152.0	412.0	1.0	303.0	258.0	3.0	9.0	0.0	0.0	0.0	0.0	
JUJ_7741	0.0	0.0	0.0	0.0	0.0	0.0	0.0	0.0	0.0	0.0	0.0	0.0	0.0	0.0	0.0	0.0	0.0	0.0	0.0	0.0	
JUJ_13335	0.0	0.0	0.0	0.0	0.0	0.0	0.0	0.0	0.0	210.0	35.0	1.0	1.0	0.0	1.0	1.0	0.0	0.0	0.0	0.0	
JUJ_23411	0.0	0.0	0.0	0.0	0.0	0.0	0.0	0.0	0.0	1090.0	182.0	33.0	8.0	0.0	0.0	3.0	0.0	0.0	0.0	0.0	
JUJ_11931	0.0	0.0	0.0	0.0	0.0	0.0	0.0	0.0	1.0	131.0	12.0	6.0	6.0	37.0	1.0	21.0	0.0	0.0	0.0	0.0	
JUJ_6762	0.0	0.0	0.0	0.0	0.0	0.0	0.0	0.0	0.0	0.0	0.0	0.0	0.0	0.0	0.0	0.0	0.0	0.0	0.0	0.0	
JUJ_13266	0.0	0.0	0.0	0.0	0.0	0.0	0.0	0.0	0.0	2.0	91.0	17.0	5.0	0.0	16.0	4.0	0.0	0.0	0.0	0.0	
JUJ_5753	0.0	0.0	0.0	0.0	0.0	0.0	0.0	0.0	0.0	2.0	10.0	0.0	0.0	0.0	1.0	0.0	0.0	0.0	0.0	0.0	
JUJ_7354	0.0	0.0	0.0	0.0	0.0	0.0	0.0	0.0	0.0	0.0	0.0	0.0	0.0	0.0	0.0	0.0	0.0	0.0	0.0	0.0	
JUJ_479	0.0	0.0	0.0	0.0	0.0	0.0	0.0	0.0	2.0	187.0	16.0	241.0	190.0	2.0	1.0	10.0	0.0	0.0	0.0	0.0	
JUJ_13024	0.0	0.0	0.0	0.0	0.0	0.0	0.0	0.0	0.0	0.0	6.0	5.0	22.0	0.0	2.0	15.0	0.0	0.0	0.0	0.0	
JUJ_426	0.0	0.0	0.0	0.0	0.0	0.0	0.0	0.0	1.0	1.0	0.0	0.0	2.0	0.0	0.0	0.0	0.0	0.0	0.0	0.0	
JUJ_8579	0.0	0.0	0.0	0.0	0.0	0.0	0.0	0.0	0.0	0.0	0.0	0.0	0.0	0.0	0.0	0.0	0.0	0.0	0.0	0.0	
JUJ_273	0.0	0.0	0.0	0.0	0.0	0.0	0.0	0.0	3.0	20.0	420.0	69.0	11.0	7.0	3.0	1.0	0.0	0.0	0.0	0.0	
JUJ_12475	0.0	0.0	0.0	0.0	0.0	0.0	0.0	0.0	1.0	54.0	197.0	5.0	190.0	4.0	0.0	5.0	0.0	0.0	0.0	0.0	
JUJ_15356	0.0	0.0	0.0	0.0	0.0	0.0	0.0	0.0	0.0	0.0	0.0	3.0	3.0	0.0	4.0	3.0	0.0	0.0	0.0	0.0	
JUJ_11786	0.0	0.0	0.0	0.0	0.0	0.0	0.0	0.0	22.0	668.0	17.0	49.0	4416.0	225.0	1.0	78.0	0.0	0.0	0.0	0.0	
JUJ_5806	0.0	0.0	0.0	0.0	0.0	0.0	0.0	0.0	61.0	14.0	1100.0	6.0	6.0	25.0	3.0	555.0	0.0	0.0	0.0	0.0	
JUJ_21737	0.0	0.0	0.0	0.0	0.0	0.0	0.0	0.0	0.0	0.0	8.0	0.0	0.0	0.0	59.0	0.0	0.0	0.0	0.0	0.0	
JUJ_267	0.0	0.0	0.0	0.0	0.0	0.0	0.0	0.0	0.0	106.0	0.0	0.0	1.0	0.0	0.0	2.0	0.0	0.0	0.0	0.0	
JUJ_16934	0.0	0.0	0.0	0.0	0.0	0.0	0.0	0.0	0.0	0.0	27.0	0.0	0.0	0.0	0.0	0.0	0.0	0.0	0.0	0.0	
JUJ_12010	0.0	0.0	0.0	0.0	0.0	0.0	0.0	0.0	0.0	26.0	558.0	12.0	3.0	9.0	0.0	57.0	0.0	0.0	0.0	0.0	
JUJ_761	0.0	0.0	0.0	0.0	0.0	0.0	0.0	0.0	2.0	6.0	19.0	5.0	5.0	0.0	0.0	3.0	0.0	0.0	0.0	0.0	
JUJ_5720	0.0	0.0	0.0	0.0	0.0	0.0	0.0	0.0	0.0	0.0	18.0	4.0	2.0	2.0	16917.0	11.0	0.0	0.0	0.0	0.0	
JUJ_14854	0.0	0.0	0.0	0.0	0.0	0.0	0.0	0.0	0.0	0.0	3.0	1.0	0.0	0.0	3.0	0.0	0.0	0.0	0.0	0.0	
JUJ_11772	0.0	0.0	0.0	0.0	0.0	0.0	0.0	0.0	0.0	0.0	5.0	61.0	2.0	0.0	0.0	0.0	0.0	0.0	0.0	0.0	
JUJ_5748	0.0	0.0	0.0	0.0	0.0	0.0	0.0	0.0	0.0	8.0	113.0	262.0	0.0	0.0	723.0	10.0	0.0	0.0	0.0	0.0	
JUJ_5862	0.0	0.0	0.0	0.0	0.0	0.0	0.0	0.0	0.0	10.0	20.0	30.0	4.0	2.0	0.0	41.0	0.0	0.0	0.0	0.0	
JUJ_307	0.0	0.0	0.0	0.0	0.0	0.0	0.0	0.0	0.0	0.0	8.0	0.0	0.0	0.0	21395.0	0.0	0.0	0.0	0.0	0.0	
JUJ_16590	0.0	0.0	0.0	0.0	0.0	0.0	0.0	0.0	0.0	281.0	2.0	32.0	67.0	11.0	4.0	2.0	0.0	0.0	0.0	0.0	
JUJ_13366	0.0	0.0	0.0	0.0	0.0	0.0	0.0	0.0	0.0	0.0	0.0	0.0	0.0	0.0	0.0	1.0	0.0	0.0	0.0	0.0	
JUJ_367	0.0	0.0	0.0	0.0	0.0	0.0	0.0	0.0	9.0	0.0	0.0	4.0	0.0	0.0	0.0	0.0	0.0	0.0	0.0	0.0	
JUJ_15090	0.0	0.0	0.0	0.0	0.0	0.0	0.0	0.0	0.0	0.0	2.0	35.0	0.0	0.0	0.0	0.0	0.0	0.0	0.0	0.0	
JUJ_18235	0.0	0.0	0.0	0.0	0.0	0.0	0.0	0.0	0.0	0.0	0.0	0.0	3.0	0.0	0.0	0.0	0.0	0.0	0.0	0.0	
JUJ_13019	0.0	0.0	0.0	0.0	0.0	0.0	0.0	0.0	0.0	29.0	1111.0	41.0	24.0	15.0	2.0	47.0	0.0	0.0	0.0	0.0	
JUJ_14246	0.0	0.0	0.0	0.0	0.0	0.0	0.0	0.0	0.0	0.0	0.0	0.0	0.0	0.0	0.0	0.0	0.0	0.0	0.0	0.0	
JUJ_9935	0.0	0.0	0.0	0.0	0.0	0.0	0.0	0.0	0.0	79.0	0.0	1.0	0.0	0.0	0.0	0.0	0.0	0.0	0.0	0.0	
JUJ_9521	0.0	0.0	0.0	0.0	0.0	0.0	0.0	0.0	0.0	0.0	0.0	0.0	0.0	0.0	0.0	0.0	0.0	0.0	0.0	0.0	
JUJ_2134	0.0	0.0	0.0	0.0	0.0	0.0	0.0	0.0	0.0	0.0	3.0	0.0	1.0	1.0	506.0	4.0	0.0	0.0	0.0	0.0	
JUJ_18904	0.0	0.0	0.0	0.0	0.0	0.0	0.0	0.0	0.0	171.0	0.0	1.0	0.0	5.0	0.0	1.0	0.0	0.0	0.0	0.0	
JUJ_12798	0.0	0.0	0.0	0.0	0.0	0.0	0.0	0.0	5.0	0.0	31.0	10.0	66.0	9.0	1.0	0.0	0.0	0.0	0.0	0.0	
JUJ_11746	0.0	0.0	0.0	0.0	0.0	0.0	0.0	0.0	0.0	0.0	0.0	0.0	0.0	0.0	0.0	0.0	0.0	0.0	0.0	0.0	
JUJ_21203	0.0	0.0	0.0	0.0	0.0	0.0	0.0	0.0	0.0	0.0	0.0	0.0	0.0	0.0	0.0	0.0	0.0	0.0	0.0	0.0	
JUJ_12055	0.0	0.0	0.0	0.0	0.0	0.0	0.0	0.0	0.0	378.0	207.0	491.0	170.0	183.0	3.0	37.0	0.0	0.0	0.0	0.0	
JUJ_17118	0.0	0.0	0.0	0.0	0.0	0.0	0.0	0.0	0.0	0.0	16.0	0.0	0.0	1.0	0.0	0.0	0.0	0.0	0.0	0.0	
JUJ_458	0.0	0.0	0.0	0.0	0.0	0.0	0.0	0.0	0.0	0.0	60.0	0.0	0.0	0.0	0.0	6.0	0.0	0.0	0.0	0.0	
JUJ_15557	0.0	0.0	0.0	0.0	0.0	0.0	0.0	0.0	0.0	2.0	2.0	0.0	0.0	0.0	0.0	0.0	0.0	0.0	0.0	0.0	
JUJ_5424	0.0	0.0	0.0	0.0	0.0	0.0	0.0	0.0	0.0	0.0	69.0	2.0	1.0	2.0	3.0	21.0	0.0	0.0	0.0	0.0	
JUJ_15150	0.0	0.0	0.0	0.0	0.0	0.0	0.0	0.0	0.0	0.0	0.0	0.0	0.0	0.0	0.0	0.0	0.0	0.0	0.0	0.0	
JUJ_18078	0.0	0.0	0.0	0.0	0.0	0.0	0.0	0.0	0.0	2.0	0.0	15.0	0.0	0.0	0.0	0.0	0.0	0.0	0.0	0.0	
JUJ_5552	0.0	0.0	0.0	0.0	0.0	0.0	0.0	0.0	0.0	0.0	4.0	1.0	0.0	0.0	1.0	1.0	0.0	0.0	0.0	0.0	
JUJ_504	0.0	0.0	0.0	0.0	0.0	0.0	0.0	0.0	0.0	27.0	7.0	0.0	0.0	0.0	0.0	1.0	0.0	0.0	0.0	0.0	
JUJ_43	0.0	0.0	0.0	0.0	0.0	0.0	0.0	0.0	1.0	4.0	43.0	23.0	4.0	0.0	0.0	0.0	0.0	0.0	0.0	0.0	
JUJ_492	0.0	0.0	0.0	0.0	0.0	0.0	0.0	0.0	109.0	0.0	174.0	0.0	3.0	0.0	3.0	0.0	0.0	0.0	0.0	0.0	
JUJ_5689	0.0	0.0	0.0	0.0	0.0	0.0	0.0	0.0	0.0	0.0	0.0	0.0	0.0	0.0	0.0	0.0	0.0	0.0	0.0	0.0	
JUJ_18204	0.0	0.0	0.0	0.0	0.0	0.0	0.0	0.0	0.0	0.0	1.0	3.0	1.0	0.0	2.0	1.0	0.0	0.0	0.0	0.0	
JUJ_12799	0.0	0.0	0.0	0.0	0.0	0.0	0.0	0.0	0.0	116.0	8.0	34.0	21.0	0.0	0.0	3.0	0.0	0.0	0.0	0.0	
JUJ_811	0.0	0.0	0.0	0.0	0.0	0.0	0.0	0.0	0.0	0.0	0.0	0.0	0.0	0.0	0.0	0.0	0.0	0.0	0.0	0.0	
JUJ_13208	0.0	0.0	0.0	0.0	0.0	0.0	0.0	0.0	0.0	273.0	41.0	156.0	1649.0	521.0	9.0	48.0	0.0	0.0	0.0	0.0	
JUJ_18198	0.0	0.0	0.0	0.0	0.0	0.0	0.0	0.0	0.0	131.0	8597.0	0.0	0.0	15.0	0.0	2.0	0.0	0.0	0.0	0.0	
JUJ_15162	0.0	0.0	0.0	0.0	0.0	0.0	0.0	0.0	0.0	0.0	0.0	0.0	0.0	0.0	0.0	0.0	0.0	0.0	0.0	0.0	
JUJ_14224	0.0	0.0	0.0	0.0	0.0	0.0	0.0	0.0	0.0	0.0	0.0	0.0	0.0	0.0	0.0	0.0	0.0	0.0	0.0	0.0	
JUJ_18014	0.0	0.0	0.0	0.0	0.0	0.0	0.0	0.0	0.0	0.0	0.0	0.0	0.0	0.0	0.0	0.0	0.0	0.0	0.0	0.0	
JUJ_1331	0.0	0.0	0.0	0.0	0.0	0.0	0.0	0.0	3.0	25.0	11.0	16.0	13.0	7.0	3.0	0.0	0.0	0.0	0.0	0.0	
JUJ_2855	0.0	0.0	0.0	0.0	0.0	0.0	0.0	0.0	0.0	0.0	0.0	0.0	0.0	0.0	0.0	0.0	0.0	0.0	0.0	0.0	
JUJ_14000	0.0	0.0	0.0	0.0	0.0	0.0	0.0	0.0	0.0	0.0	0.0	0.0	0.0	0.0	0.0	0.0	0.0	0.0	0.0	0.0	
JUJ_11446	0.0	0.0	0.0	0.0	0.0	0.0	0.0	0.0	0.0	0.0	0.0	0.0	0.0	0.0	0.0	0.0	0.0	0.0	0.0	0.0	
JUJ_1716	0.0	0.0	0.0	0.0	0.0	0.0	0.0	0.0	10.0	144.0	92.0	26.0	64.0	27.0	55.0	19.0	0.0	0.0	0.0	0.0	
JUJ_12484	0.0	0.0	0.0	0.0	0.0	0.0	0.0	0.0	2.0	134.0	68.0	362.0	768.0	35.0	1.0	35.0	0.0	0.0	0.0	0.0	
JUJ_13705	0.0	0.0	0.0	0.0	0.0	0.0	0.0	0.0	0.0	0.0	0.0	0.0	0.0	0.0	0.0	0.0	0.0	0.0	0.0	0.0	
JUJ_751	0.0	0.0	0.0	0.0	0.0	0.0	0.0	0.0	0.0	0.0	0.0	0.0	0.0	0.0	0.0	0.0	0.0	0.0	0.0	0.0	
JUJ_16683	0.0	0.0	0.0	0.0	0.0	0.0	0.0	0.0	0.0	0.0	0.0	0.0	0.0	0.0	0.0	0.0	0.0	0.0	0.0	0.0	
JUJ_1533	0.0	0.0	0.0	0.0	0.0	0.0	0.0	0.0	0.0	2.0	0.0	0.0	0.0	2.0	0.0	1.0	0.0	0.0	0.0	0.0	
JUJ_19994	0.0	0.0	0.0	0.0	0.0	0.0	0.0	0.0	0.0	0.0	0.0	0.0	0.0	0.0	0.0	0.0	0.0	0.0	0.0	0.0	
JUJ_21383	0.0	0.0	0.0	0.0	0.0	0.0	0.0	0.0	0.0	1.0	377.0	3.0	0.0	2.0	0.0	6.0	0.0	0.0	0.0	0.0	
JUJ_14220	0.0	0.0	0.0	0.0	0.0	0.0	0.0	0.0	0.0	0.0	0.0	56.0	0.0	5.0	0.0	0.0	0.0	0.0	0.0	0.0	
JUJ_13260	0.0	0.0	0.0	0.0	0.0	0.0	0.0	0.0	0.0	1070.0	28.0	213.0	278.0	340.0	1.0	12.0	0.0	0.0	0.0	0.0	
JUJ_440	0.0	0.0	0.0	0.0	0.0	0.0	0.0	0.0	3.0	11.0	1959.0	19.0	8.0	2.0	6.0	18.0	0.0	0.0	0.0	0.0	
JUJ_18034	0.0	0.0	0.0	0.0	0.0	0.0	0.0	0.0	0.0	0.0	0.0	0.0	0.0	1.0	0.0	0.0	0.0	0.0	0.0	0.0	
JUJ_11883	0.0	0.0	0.0	0.0	0.0	0.0	0.0	0.0	0.0	4.0	189.0	0.0	2.0	0.0	0.0	0.0	0.0	0.0	0.0	0.0	
JUJ_5933	0.0	0.0	0.0	0.0	0.0	0.0	0.0	0.0	0.0	128.0	1.0	457.0	61.0	4.0	0.0	30.0	0.0	0.0	0.0	0.0	
JUJ_18004	0.0	0.0	0.0	0.0	0.0	0.0	0.0	0.0	0.0	0.0	0.0	0.0	0.0	0.0	0.0	0.0	0.0	0.0	0.0	0.0	
JUJ_1876	0.0	0.0	0.0	0.0	0.0	0.0	0.0	0.0	0.0	0.0	0.0	0.0	0.0	0.0	0.0	0.0	0.0	0.0	0.0	0.0	
JUJ_16571	0.0	0.0	0.0	0.0	0.0	0.0	0.0	0.0	0.0	0.0	0.0	0.0	0.0	0.0	0.0	0.0	0.0	0.0	0.0	0.0	
JUJ_5802	0.0	0.0	0.0	0.0	0.0	0.0	0.0	0.0	0.0	0.0	0.0	0.0	0.0	2.0	0.0	0.0	0.0	0.0	0.0	0.0	
JUJ_18583	0.0	0.0	0.0	0.0	0.0	0.0	0.0	0.0	0.0	2.0	33.0	0.0	4.0	1.0	0.0	0.0	0.0	0.0	0.0	0.0	
JUJ_11890	0.0	0.0	0.0	0.0	0.0	0.0	0.0	0.0	4.0	199.0	6287.0	0.0	464.0	0.0	1.0	0.0	0.0	0.0	0.0	0.0	
JUJ_12810	0.0	0.0	0.0	0.0	0.0	0.0	0.0	0.0	0.0	0.0	0.0	9.0	0.0	0.0	0.0	0.0	0.0	0.0	0.0	0.0	
JUJ_12589	0.0	0.0	0.0	0.0	0.0	0.0	0.0	0.0	0.0	15.0	35.0	1.0	2.0	12.0	0.0	0.0	0.0	0.0	0.0	0.0	
JUJ_9167	0.0	0.0	0.0	0.0	0.0	0.0	0.0	0.0	0.0	1.0	7.0	5.0	2.0	0.0	6.0	2.0	0.0	0.0	0.0	0.0	
JUJ_21456	0.0	0.0	0.0	0.0	0.0	0.0	0.0	0.0	0.0	0.0	662.0	707.0	0.0	0.0	0.0	0.0	0.0	0.0	0.0	0.0	
JUJ_18035	0.0	0.0	0.0	0.0	0.0	0.0	0.0	0.0	0.0	0.0	0.0	0.0	0.0	0.0	0.0	0.0	0.0	0.0	0.0	0.0	
JUJ_19298	0.0	0.0	0.0	0.0	0.0	0.0	0.0	0.0	0.0	347.0	140.0	22.0	660.0	0.0	0.0	0.0	0.0	0.0	0.0	0.0	
JUJ_14216	0.0	0.0	0.0	0.0	0.0	0.0	0.0	0.0	0.0	34.0	51.0	101.0	152.0	0.0	1.0	16.0	0.0	0.0	0.0	0.0	
JUJ_906	0.0	0.0	0.0	0.0	0.0	0.0	0.0	0.0	1.0	0.0	0.0	28.0	0.0	0.0	1.0	0.0	0.0	0.0	0.0	0.0	
JUJ_12792	0.0	0.0	0.0	0.0	0.0	0.0	0.0	0.0	0.0	99.0	0.0	0.0	0.0	55.0	2.0	2.0	0.0	0.0	0.0	0.0	
JUJ_5843	0.0	0.0	0.0	0.0	0.0	0.0	0.0	0.0	0.0	0.0	0.0	1.0	0.0	0.0	0.0	0.0	0.0	0.0	0.0	0.0	
JUJ_18836	0.0	0.0	0.0	0.0	0.0	0.0	0.0	0.0	0.0	0.0	0.0	0.0	0.0	0.0	0.0	0.0	0.0	0.0	0.0	0.0	
JUJ_15460	0.0	0.0	0.0	0.0	0.0	0.0	0.0	0.0	0.0	1.0	3.0	3.0	1.0	0.0	3.0	4.0	0.0	0.0	0.0	0.0	
JUJ_6521	0.0	0.0	0.0	0.0	0.0	0.0	0.0	0.0	0.0	1.0	0.0	6.0	7.0	1.0	0.0	2.0	0.0	0.0	0.0	0.0	
JUJ_1709	0.0	0.0	0.0	0.0	0.0	0.0	0.0	0.0	0.0	3.0	0.0	1.0	1.0	22.0	0.0	0.0	0.0	0.0	0.0	0.0	
JUJ_67	0.0	0.0	0.0	0.0	0.0	0.0	0.0	0.0	0.0	0.0	0.0	25.0	3.0	0.0	11.0	7.0	0.0	0.0	0.0	0.0	
JUJ_13914	0.0	0.0	0.0	0.0	0.0	0.0	0.0	0.0	0.0	1.0	1.0	2.0	2.0	1.0	9479.0	4.0	0.0	0.0	0.0	0.0	
JUJ_17067	0.0	0.0	0.0	0.0	0.0	0.0	0.0	0.0	0.0	75.0	2.0	144.0	134.0	35.0	1.0	5.0	0.0	0.0	0.0	0.0	
JUJ_11500	0.0	0.0	0.0	0.0	0.0	0.0	0.0	0.0	0.0	0.0	13.0	3.0	0.0	0.0	9973.0	2.0	0.0	0.0	0.0	0.0	
JUJ_11719	0.0	0.0	0.0	0.0	0.0	0.0	0.0	0.0	1.0	7.0	0.0	10.0	1.0	4.0	0.0	16.0	0.0	0.0	0.0	0.0	
JUJ_10742	0.0	0.0	0.0	0.0	0.0	0.0	0.0	0.0	0.0	1402.0	304.0	1218.0	0.0	0.0	2.0	6.0	0.0	0.0	0.0	0.0	
JUJ_16433	0.0	0.0	0.0	0.0	0.0	0.0	0.0	0.0	0.0	0.0	0.0	0.0	0.0	0.0	0.0	0.0	0.0	0.0	0.0	0.0	
JUJ_11570	0.0	0.0	0.0	0.0	0.0	0.0	0.0	0.0	0.0	2.0	1146.0	1.0	0.0	0.0	984.0	0.0	0.0	0.0	0.0	0.0	
JUJ_12406	0.0	0.0	0.0	0.0	0.0	0.0	0.0	0.0	0.0	50.0	11.0	12.0	116.0	5.0	0.0	0.0	0.0	0.0	0.0	0.0	
JUJ_18651	0.0	0.0	0.0	0.0	0.0	0.0	0.0	0.0	0.0	0.0	0.0	0.0	0.0	0.0	0.0	0.0	0.0	0.0	0.0	0.0	
JUJ_1044	0.0	0.0	0.0	0.0	0.0	0.0	0.0	0.0	18.0	44.0	1.0	16.0	1.0	0.0	0.0	0.0	0.0	0.0	0.0	0.0	
JUJ_18615	0.0	0.0	0.0	0.0	0.0	0.0	0.0	0.0	0.0	0.0	1.0	0.0	0.0	0.0	0.0	0.0	0.0	0.0	0.0	0.0	
JUJ_11895	0.0	0.0	0.0	0.0	0.0	0.0	0.0	0.0	0.0	0.0	5.0	1.0	0.0	0.0	0.0	0.0	0.0	0.0	0.0	0.0	
JUJ_13403	0.0	0.0	0.0	0.0	0.0	0.0	0.0	0.0	0.0	0.0	0.0	0.0	0.0	0.0	0.0	0.0	0.0	0.0	0.0	0.0	
JUJ_376	0.0	0.0	0.0	0.0	0.0	0.0	0.0	0.0	0.0	0.0	1.0	35.0	2.0	0.0	3.0	0.0	0.0	0.0	0.0	0.0	
JUJ_10060	0.0	0.0	0.0	0.0	0.0	0.0	0.0	0.0	0.0	0.0	2.0	21.0	9.0	0.0	0.0	0.0	0.0	0.0	0.0	0.0	
JUJ_18029	0.0	0.0	0.0	0.0	0.0	0.0	0.0	0.0	0.0	0.0	0.0	0.0	0.0	0.0	0.0	0.0	0.0	0.0	0.0	0.0	
JUJ_1743	0.0	0.0	0.0	0.0	0.0	0.0	0.0	0.0	0.0	0.0	0.0	0.0	0.0	0.0	0.0	0.0	0.0	0.0	0.0	0.0	
JUJ_9663	0.0	0.0	0.0	0.0	0.0	0.0	0.0	0.0	0.0	0.0	0.0	0.0	0.0	0.0	0.0	0.0	0.0	0.0	0.0	0.0	
JUJ_17352	0.0	0.0	0.0	0.0	0.0	0.0	0.0	0.0	0.0	1059.0	1.0	5.0	20.0	0.0	0.0	0.0	0.0	0.0	0.0	0.0	
JUJ_18005	0.0	0.0	0.0	0.0	0.0	0.0	0.0	0.0	0.0	0.0	0.0	0.0	0.0	0.0	0.0	0.0	0.0	0.0	0.0	0.0	
JUJ_12427	0.0	0.0	0.0	0.0	0.0	0.0	0.0	0.0	35.0	3.0	0.0	1.0	9.0	0.0	0.0	1.0	0.0	0.0	0.0	0.0	
JUJ_15380	0.0	0.0	0.0	0.0	0.0	0.0	0.0	0.0	0.0	2.0	4.0	0.0	0.0	0.0	3083.0	0.0	0.0	0.0	0.0	0.0	
JUJ_12413	0.0	0.0	0.0	0.0	0.0	0.0	0.0	0.0	1.0	4.0	9.0	69.0	0.0	111.0	1.0	1.0	0.0	0.0	0.0	0.0	
JUJ_5539	0.0	0.0	0.0	0.0	0.0	0.0	0.0	0.0	0.0	0.0	0.0	0.0	0.0	0.0	0.0	0.0	0.0	0.0	0.0	0.0	
JUJ_13384	0.0	0.0	0.0	0.0	0.0	0.0	0.0	0.0	0.0	0.0	0.0	0.0	0.0	0.0	0.0	0.0	0.0	0.0	0.0	0.0	
JUJ_814	0.0	0.0	0.0	0.0	0.0	0.0	0.0	0.0	0.0	87.0	0.0	2.0	0.0	6.0	1.0	9.0	0.0	0.0	0.0	0.0	
JUJ_17233	0.0	0.0	0.0	0.0	0.0	0.0	0.0	0.0	0.0	0.0	17.0	0.0	0.0	0.0	0.0	0.0	0.0	0.0	0.0	0.0	
JUJ_18066	0.0	0.0	0.0	0.0	0.0	0.0	0.0	0.0	0.0	0.0	0.0	0.0	0.0	0.0	1.0	0.0	0.0	0.0	0.0	0.0	
JUJ_13708	0.0	0.0	0.0	0.0	0.0	0.0	0.0	0.0	0.0	11.0	3.0	0.0	0.0	0.0	0.0	0.0	0.0	0.0	0.0	0.0	
JUJ_4332	0.0	0.0	0.0	0.0	0.0	0.0	0.0	0.0	0.0	1.0	0.0	4.0	1.0	0.0	2.0	0.0	0.0	0.0	0.0	0.0	
JUJ_9738	0.0	0.0	0.0	0.0	0.0	0.0	0.0	0.0	0.0	0.0	0.0	0.0	0.0	0.0	0.0	0.0	0.0	0.0	0.0	0.0	
JUJ_16852	0.0	0.0	0.0	0.0	0.0	0.0	0.0	0.0	0.0	3.0	51.0	34.0	0.0	49.0	0.0	0.0	0.0	0.0	0.0	0.0	
JUJ_915	0.0	0.0	0.0	0.0	0.0	0.0	0.0	0.0	0.0	21.0	1.0	0.0	0.0	0.0	0.0	0.0	0.0	0.0	0.0	0.0	
JUJ_16953	0.0	0.0	0.0	0.0	0.0	0.0	0.0	0.0	0.0	0.0	1.0	1.0	0.0	0.0	0.0	2.0	0.0	0.0	0.0	0.0	
JUJ_13427	0.0	0.0	0.0	0.0	0.0	0.0	0.0	0.0	0.0	1.0	29.0	0.0	0.0	0.0	1.0	1.0	0.0	0.0	0.0	0.0	
JUJ_18124	0.0	0.0	0.0	0.0	0.0	0.0	0.0	0.0	0.0	1.0	0.0	2.0	0.0	1.0	0.0	8.0	0.0	0.0	0.0	0.0	
JUJ_18071	0.0	0.0	0.0	0.0	0.0	0.0	0.0	0.0	0.0	0.0	0.0	0.0	0.0	0.0	0.0	0.0	0.0	0.0	0.0	0.0	
JUJ_17392	0.0	0.0	0.0	0.0	0.0	0.0	0.0	0.0	0.0	0.0	0.0	0.0	0.0	0.0	0.0	0.0	0.0	0.0	0.0	0.0	
JUJ_17199	0.0	0.0	0.0	0.0	0.0	0.0	0.0	0.0	21.0	1.0	316.0	3.0	1.0	0.0	0.0	0.0	0.0	0.0	0.0	0.0	
JUJ_1772	0.0	0.0	0.0	0.0	0.0	0.0	0.0	0.0	0.0	0.0	0.0	0.0	0.0	0.0	0.0	0.0	0.0	0.0	0.0	0.0	
JUJ_13454	0.0	0.0	0.0	0.0	0.0	0.0	0.0	0.0	0.0	1.0	2.0	3.0	71.0	83.0	1.0	38.0	0.0	0.0	0.0	0.0	
JUJ_12790	0.0	0.0	0.0	0.0	0.0	0.0	0.0	0.0	0.0	265.0	10.0	74.0	116.0	22.0	0.0	3.0	0.0	0.0	0.0	0.0	
JUJ_4350	0.0	0.0	0.0	0.0	0.0	0.0	0.0	0.0	0.0	0.0	0.0	11.0	0.0	0.0	0.0	0.0	0.0	0.0	0.0	0.0	
JUJ_17642	0.0	0.0	0.0	0.0	0.0	0.0	0.0	0.0	0.0	0.0	0.0	0.0	0.0	0.0	0.0	1.0	0.0	0.0	0.0	0.0	
JUJ_7737	0.0	0.0	0.0	0.0	0.0	0.0	0.0	0.0	0.0	0.0	0.0	0.0	0.0	0.0	0.0	13.0	0.0	0.0	0.0	0.0	
JUJ_110	0.0	0.0	0.0	0.0	0.0	0.0	0.0	0.0	25.0	49.0	138.0	86.0	166.0	155.0	2.0	4.0	0.0	0.0	0.0	0.0	
JUJ_476	0.0	0.0	0.0	0.0	0.0	0.0	0.0	0.0	1.0	275.0	1409.0	109.0	390.0	25.0	1.0	7.0	0.0	0.0	0.0	0.0	
JUJ_15053	0.0	0.0	0.0	0.0	0.0	0.0	0.0	0.0	1.0	0.0	0.0	1.0	0.0	0.0	1.0	0.0	0.0	0.0	0.0	0.0	
JUJ_18139	0.0	0.0	0.0	0.0	0.0	0.0	0.0	0.0	0.0	97.0	0.0	0.0	0.0	0.0	0.0	0.0	0.0	0.0	0.0	0.0	
JUJ_14313	0.0	0.0	0.0	0.0	0.0	0.0	0.0	0.0	0.0	320.0	9.0	20.0	1.0	0.0	0.0	20.0	0.0	0.0	0.0	0.0	
JUJ_13517	0.0	0.0	0.0	0.0	0.0	0.0	0.0	0.0	0.0	0.0	0.0	0.0	0.0	0.0	0.0	0.0	0.0	0.0	0.0	0.0	
JUJ_776	0.0	0.0	0.0	0.0	0.0	0.0	0.0	0.0	0.0	664.0	26.0	122.0	13.0	0.0	1.0	2.0	0.0	0.0	0.0	0.0	
JUJ_1807	0.0	0.0	0.0	0.0	0.0	0.0	0.0	0.0	0.0	0.0	0.0	0.0	0.0	0.0	0.0	0.0	0.0	0.0	0.0	0.0	
JUJ_17906	0.0	0.0	0.0	0.0	0.0	0.0	0.0	0.0	0.0	0.0	2.0	0.0	0.0	0.0	0.0	0.0	0.0	0.0	0.0	0.0	
JUJ_7318	0.0	0.0	0.0	0.0	0.0	0.0	0.0	0.0	0.0	0.0	119.0	0.0	0.0	0.0	0.0	1.0	0.0	0.0	0.0	0.0	
JUJ_41	0.0	0.0	0.0	0.0	0.0	0.0	0.0	0.0	0.0	0.0	0.0	1.0	0.0	0.0	0.0	0.0	0.0	0.0	0.0	0.0	
JUJ_11674	0.0	0.0	0.0	0.0	0.0	0.0	0.0	0.0	0.0	0.0	0.0	0.0	3.0	0.0	0.0	0.0	0.0	0.0	0.0	0.0	
JUJ_12867	0.0	0.0	0.0	0.0	0.0	0.0	0.0	0.0	0.0	163.0	71.0	47.0	0.0	7.0	0.0	1.0	0.0	0.0	0.0	0.0	
JUJ_13898	0.0	0.0	0.0	0.0	0.0	0.0	0.0	0.0	0.0	0.0	0.0	0.0	0.0	0.0	0.0	0.0	0.0	0.0	0.0	0.0	
JUJ_5090	0.0	0.0	0.0	0.0	0.0	0.0	0.0	0.0	0.0	0.0	0.0	0.0	0.0	0.0	0.0	0.0	0.0	0.0	0.0	0.0	
JUJ_1835	0.0	0.0	0.0	0.0	0.0	0.0	0.0	0.0	0.0	1.0	0.0	24.0	0.0	0.0	0.0	0.0	0.0	0.0	0.0	0.0	
JUJ_15420	0.0	0.0	0.0	0.0	0.0	0.0	0.0	0.0	0.0	692.0	611.0	2364.0	0.0	1.0	108.0	3.0	0.0	0.0	0.0	0.0	
JUJ_10866	0.0	0.0	0.0	0.0	0.0	0.0	0.0	0.0	0.0	0.0	0.0	0.0	0.0	0.0	0.0	0.0	0.0	0.0	0.0	0.0	
JUJ_23412	0.0	0.0	0.0	0.0	0.0	0.0	0.0	0.0	0.0	111.0	11.0	1.0	0.0	15.0	0.0	0.0	0.0	0.0	0.0	0.0	
JUJ_6094	0.0	0.0	0.0	0.0	0.0	0.0	0.0	0.0	0.0	0.0	0.0	0.0	0.0	0.0	0.0	0.0	0.0	0.0	0.0	0.0	
JUJ_9944	0.0	0.0	0.0	0.0	0.0	0.0	0.0	0.0	0.0	0.0	0.0	0.0	0.0	0.0	0.0	0.0	0.0	0.0	0.0	0.0	
JUJ_13750	0.0	0.0	0.0	0.0	0.0	0.0	0.0	0.0	0.0	0.0	0.0	0.0	0.0	0.0	0.0	0.0	0.0	0.0	0.0	0.0	
JUJ_12007	0.0	0.0	0.0	0.0	0.0	0.0	0.0	0.0	0.0	0.0	10.0	0.0	8.0	2.0	0.0	2.0	0.0	0.0	0.0	0.0	
JUJ_21438	0.0	0.0	0.0	0.0	0.0	0.0	0.0	0.0	0.0	0.0	840.0	0.0	0.0	0.0	5.0	1.0	0.0	0.0	0.0	0.0	
JUJ_1774	0.0	0.0	0.0	0.0	0.0	0.0	0.0	0.0	0.0	0.0	0.0	7.0	0.0	0.0	1.0	5.0	0.0	0.0	0.0	0.0	
JUJ_1879	0.0	0.0	0.0	0.0	0.0	0.0	0.0	0.0	0.0	0.0	0.0	1.0	0.0	43.0	1.0	0.0	0.0	0.0	0.0	0.0	
JUJ_12080	0.0	0.0	0.0	0.0	0.0	0.0	0.0	0.0	0.0	1.0	1669.0	0.0	2.0	0.0	0.0	0.0	0.0	0.0	0.0	0.0	
JUJ_10719	0.0	0.0	0.0	0.0	0.0	0.0	0.0	0.0	0.0	1235.0	0.0	0.0	0.0	0.0	0.0	0.0	0.0	0.0	0.0	0.0	
JUJ_13253	0.0	0.0	0.0	0.0	0.0	0.0	0.0	0.0	60.0	76.0	17.0	0.0	10.0	1.0	2.0	1.0	0.0	0.0	0.0	0.0	
JUJ_12148	0.0	0.0	0.0	0.0	0.0	0.0	0.0	0.0	0.0	55.0	37.0	17.0	33.0	3.0	1.0	0.0	0.0	0.0	0.0	0.0	
JUJ_903	0.0	0.0	0.0	0.0	0.0	0.0	0.0	0.0	0.0	0.0	0.0	28.0	0.0	0.0	0.0	0.0	0.0	0.0	0.0	0.0	
JUJ_1726	0.0	0.0	0.0	0.0	0.0	0.0	0.0	0.0	0.0	0.0	0.0	0.0	0.0	0.0	1.0	0.0	0.0	0.0	0.0	0.0	
JUJ_1216	0.0	0.0	0.0	0.0	0.0	0.0	0.0	0.0	0.0	242.0	0.0	56.0	0.0	56.0	1.0	1.0	0.0	0.0	0.0	0.0	
JUJ_10045	0.0	0.0	0.0	0.0	0.0	0.0	0.0	0.0	42.0	13.0	78.0	41.0	1.0	0.0	15.0	1.0	0.0	0.0	0.0	0.0	
JUJ_12469	0.0	0.0	0.0	0.0	0.0	0.0	0.0	0.0	0.0	1131.0	40.0	205.0	55.0	353.0	0.0	50.0	0.0	0.0	0.0	0.0	
JUJ_5983	0.0	0.0	0.0	0.0	0.0	0.0	0.0	0.0	0.0	0.0	0.0	2.0	0.0	0.0	0.0	0.0	0.0	0.0	0.0	0.0	
JUJ_12878	0.0	0.0	0.0	0.0	0.0	0.0	0.0	0.0	0.0	0.0	3.0	0.0	0.0	1.0	0.0	2.0	0.0	0.0	0.0	0.0	
JUJ_1765	0.0	0.0	0.0	0.0	0.0	0.0	0.0	0.0	0.0	50.0	15.0	3.0	0.0	0.0	0.0	0.0	0.0	0.0	0.0	0.0	
JUJ_13879	0.0	0.0	0.0	0.0	0.0	0.0	0.0	0.0	0.0	0.0	15.0	0.0	0.0	0.0	0.0	0.0	0.0	0.0	0.0	0.0	
JUJ_18000	0.0	0.0	0.0	0.0	0.0	0.0	0.0	0.0	0.0	21.0	0.0	76.0	0.0	0.0	0.0	0.0	0.0	0.0	0.0	0.0	
JUJ_12390	0.0	0.0	0.0	0.0	0.0	0.0	0.0	0.0	0.0	0.0	17.0	159.0	3.0	0.0	0.0	38.0	0.0	0.0	0.0	0.0	
JUJ_1359	0.0	0.0	0.0	0.0	0.0	0.0	0.0	0.0	0.0	0.0	0.0	0.0	0.0	0.0	1.0	1.0	0.0	0.0	0.0	0.0	
JUJ_12921	0.0	0.0	0.0	0.0	0.0	0.0	0.0	0.0	0.0	0.0	4.0	1.0	1.0	1.0	0.0	6.0	0.0	0.0	0.0	0.0	
JUJ_1706	0.0	0.0	0.0	0.0	0.0	0.0	0.0	0.0	0.0	0.0	0.0	0.0	0.0	1.0	0.0	0.0	0.0	0.0	0.0	0.0	
JUJ_1725	0.0	0.0	0.0	0.0	0.0	0.0	0.0	0.0	0.0	0.0	0.0	24.0	0.0	20.0	0.0	0.0	0.0	0.0	0.0	0.0	
JUJ_323	0.0	0.0	0.0	0.0	0.0	0.0	0.0	0.0	0.0	0.0	0.0	0.0	0.0	0.0	0.0	0.0	0.0	0.0	0.0	0.0	
JUJ_12652	0.0	0.0	0.0	0.0	0.0	0.0	0.0	0.0	0.0	584.0	43.0	1.0	38.0	216.0	1.0	3.0	0.0	0.0	0.0	0.0	
JUJ_652	0.0	0.0	0.0	0.0	0.0	0.0	0.0	0.0	0.0	137.0	6.0	131.0	87.0	24.0	1.0	42.0	0.0	0.0	0.0	0.0	
JUJ_13759	0.0	0.0	0.0	0.0	0.0	0.0	0.0	0.0	0.0	0.0	0.0	0.0	57.0	39.0	0.0	0.0	0.0	0.0	0.0	0.0	
JUJ_15060	0.0	0.0	0.0	0.0	0.0	0.0	0.0	0.0	0.0	0.0	0.0	0.0	0.0	0.0	0.0	0.0	0.0	0.0	0.0	0.0	
JUJ_16762	0.0	0.0	0.0	0.0	0.0	0.0	0.0	0.0	55.0	2.0	541.0	3.0	1.0	0.0	2348.0	2.0	0.0	0.0	0.0	0.0	
JUJ_21547	0.0	0.0	0.0	0.0	0.0	0.0	0.0	0.0	0.0	2.0	453.0	10.0	1.0	20.0	0.0	4.0	0.0	0.0	0.0	0.0	
JUJ_373	0.0	0.0	0.0	0.0	0.0	0.0	0.0	0.0	0.0	4.0	3.0	3.0	4.0	0.0	0.0	6.0	0.0	0.0	0.0	0.0	
JUJ_586	0.0	0.0	0.0	0.0	0.0	0.0	0.0	0.0	0.0	1032.0	994.0	12.0	22.0	1.0	3.0	0.0	0.0	0.0	0.0	0.0	
JUJ_8985	0.0	0.0	0.0	0.0	0.0	0.0	0.0	0.0	0.0	7.0	1.0	7.0	9.0	2.0	0.0	7.0	0.0	0.0	0.0	0.0	
JUJ_905	0.0	0.0	0.0	0.0	0.0	0.0	0.0	0.0	0.0	0.0	10.0	63.0	101.0	2.0	0.0	0.0	0.0	0.0	0.0	0.0	
JUJ_1154	0.0	0.0	0.0	0.0	0.0	0.0	0.0	0.0	0.0	2.0	5.0	0.0	35.0	0.0	0.0	0.0	0.0	0.0	0.0	0.0	
JUJ_11223	0.0	0.0	0.0	0.0	0.0	0.0	0.0	0.0	0.0	3.0	0.0	0.0	0.0	0.0	0.0	0.0	0.0	0.0	0.0	0.0	
JUJ_9500	0.0	0.0	0.0	0.0	0.0	0.0	0.0	0.0	0.0	0.0	0.0	0.0	0.0	0.0	0.0	0.0	0.0	0.0	0.0	0.0	
JUJ_6757	0.0	0.0	0.0	0.0	0.0	0.0	0.0	0.0	0.0	0.0	0.0	0.0	0.0	0.0	0.0	0.0	0.0	0.0	0.0	0.0	
JUJ_6069	0.0	0.0	0.0	0.0	0.0	0.0	0.0	0.0	0.0	1.0	0.0	1.0	13.0	13.0	0.0	0.0	0.0	0.0	0.0	0.0	
JUJ_19492	0.0	0.0	0.0	0.0	0.0	0.0	0.0	0.0	0.0	0.0	0.0	0.0	0.0	0.0	0.0	0.0	0.0	0.0	0.0	0.0	
JUJ_16913	0.0	0.0	0.0	0.0	0.0	0.0	0.0	0.0	0.0	251.0	85.0	826.0	9.0	6.0	2.0	28.0	0.0	0.0	0.0	0.0	
JUJ_670	0.0	0.0	0.0	0.0	0.0	0.0	0.0	0.0	0.0	71.0	0.0	30.0	58.0	68.0	0.0	24.0	0.0	0.0	0.0	0.0	
JUJ_838	0.0	0.0	0.0	0.0	0.0	0.0	0.0	0.0	0.0	0.0	0.0	29.0	161.0	240.0	4.0	2.0	0.0	0.0	0.0	0.0	
JUJ_982	0.0	0.0	0.0	0.0	0.0	0.0	0.0	0.0	0.0	0.0	0.0	0.0	0.0	0.0	0.0	0.0	0.0	0.0	0.0	0.0	
JUJ_12545	0.0	0.0	0.0	0.0	0.0	0.0	0.0	0.0	0.0	0.0	1875.0	34.0	1.0	0.0	4.0	1.0	0.0	0.0	0.0	0.0	
JUJ_192	0.0	0.0	0.0	0.0	0.0	0.0	0.0	0.0	0.0	0.0	3.0	0.0	0.0	0.0	0.0	0.0	0.0	0.0	0.0	0.0	
JUJ_22192	0.0	0.0	0.0	0.0	0.0	0.0	0.0	0.0	0.0	0.0	712.0	2.0	0.0	0.0	1.0	3.0	0.0	0.0	0.0	0.0	
JUJ_15448	0.0	0.0	0.0	0.0	0.0	0.0	0.0	0.0	1.0	0.0	0.0	0.0	0.0	11.0	1.0	0.0	0.0	0.0	0.0	0.0	
JUJ_1217	0.0	0.0	0.0	0.0	0.0	0.0	0.0	0.0	0.0	33.0	11.0	69.0	89.0	57.0	1.0	0.0	0.0	0.0	0.0	0.0	
JUJ_16961	0.0	0.0	0.0	0.0	0.0	0.0	0.0	0.0	0.0	1.0	3.0	0.0	0.0	0.0	1.0	0.0	0.0	0.0	0.0	0.0	
JUJ_15432	0.0	0.0	0.0	0.0	0.0	0.0	0.0	0.0	0.0	160.0	0.0	1.0	19.0	0.0	1.0	11.0	0.0	0.0	0.0	0.0	
JUJ_23403	0.0	0.0	0.0	0.0	0.0	0.0	0.0	0.0	0.0	1.0	492.0	31.0	0.0	0.0	0.0	0.0	0.0	0.0	0.0	0.0	
JUJ_7504	0.0	0.0	0.0	0.0	0.0	0.0	0.0	0.0	0.0	0.0	3.0	3.0	5.0	0.0	1.0	22.0	0.0	0.0	0.0	0.0	
JUJ_4337	0.0	0.0	0.0	0.0	0.0	0.0	0.0	0.0	0.0	0.0	3.0	1.0	0.0	0.0	0.0	0.0	0.0	0.0	0.0	0.0	
JUJ_917	0.0	0.0	0.0	0.0	0.0	0.0	0.0	0.0	0.0	0.0	2.0	0.0	0.0	0.0	0.0	0.0	0.0	0.0	0.0	0.0	
JUJ_6774	0.0	0.0	0.0	0.0	0.0	0.0	0.0	0.0	0.0	1.0	3.0	0.0	0.0	0.0	0.0	0.0	0.0	0.0	0.0	0.0	
JUJ_14323	0.0	0.0	0.0	0.0	0.0	0.0	0.0	0.0	0.0	0.0	7.0	0.0	0.0	0.0	0.0	0.0	0.0	0.0	0.0	0.0	
JUJ_8818	0.0	0.0	0.0	0.0	0.0	0.0	0.0	0.0	0.0	0.0	43.0	0.0	0.0	0.0	15.0	0.0	0.0	0.0	0.0	0.0	
JUJ_15365	0.0	0.0	0.0	0.0	0.0	0.0	0.0	0.0	0.0	6.0	0.0	0.0	6.0	0.0	0.0	26.0	0.0	0.0	0.0	0.0	
JUJ_18550	0.0	0.0	0.0	0.0	0.0	0.0	0.0	0.0	0.0	0.0	88.0	4.0	3.0	0.0	0.0	14.0	0.0	0.0	0.0	0.0	
JUJ_5673	0.0	0.0	0.0	0.0	0.0	0.0	0.0	0.0	0.0	0.0	0.0	0.0	0.0	0.0	0.0	0.0	0.0	0.0	0.0	0.0	
JUJ_18018	0.0	0.0	0.0	0.0	0.0	0.0	0.0	0.0	0.0	0.0	0.0	22.0	0.0	42.0	0.0	0.0	0.0	0.0	0.0	0.0	
JUJ_19494	0.0	0.0	0.0	0.0	0.0	0.0	0.0	0.0	0.0	0.0	5.0	0.0	0.0	0.0	1794.0	0.0	0.0	0.0	0.0	0.0	
JUJ_11773	0.0	0.0	0.0	0.0	0.0	0.0	0.0	0.0	0.0	0.0	0.0	0.0	0.0	0.0	0.0	0.0	0.0	0.0	0.0	0.0	
JUJ_19720	0.0	0.0	0.0	0.0	0.0	0.0	0.0	0.0	0.0	2.0	3.0	0.0	0.0	0.0	398.0	0.0	0.0	0.0	0.0	0.0	
JUJ_16535	0.0	0.0	0.0	0.0	0.0	0.0	0.0	0.0	0.0	0.0	0.0	0.0	0.0	0.0	0.0	0.0	0.0	0.0	0.0	0.0	
JUJ_6170	0.0	0.0	0.0	0.0	0.0	0.0	0.0	0.0	0.0	0.0	777.0	1.0	0.0	0.0	0.0	0.0	0.0	0.0	0.0	0.0	
JUJ_22544	0.0	0.0	0.0	0.0	0.0	0.0	0.0	0.0	0.0	0.0	6.0	0.0	0.0	0.0	1.0	2.0	0.0	0.0	0.0	0.0	
JUJ_16980	0.0	0.0	0.0	0.0	0.0	0.0	0.0	0.0	0.0	1.0	0.0	0.0	0.0	1.0	0.0	0.0	0.0	0.0	0.0	0.0	
JUJ_11960	0.0	0.0	0.0	0.0	0.0	0.0	0.0	0.0	0.0	1.0	0.0	0.0	0.0	0.0	0.0	0.0	0.0	0.0	0.0	0.0	
JUJ_1708	0.0	0.0	0.0	0.0	0.0	0.0	0.0	0.0	0.0	0.0	0.0	0.0	0.0	0.0	0.0	0.0	0.0	0.0	0.0	0.0	
JUJ_6983	0.0	0.0	0.0	0.0	0.0	0.0	0.0	0.0	0.0	0.0	0.0	0.0	0.0	0.0	0.0	0.0	0.0	0.0	0.0	0.0	
JUJ_902	0.0	0.0	0.0	0.0	0.0	0.0	0.0	0.0	0.0	1.0	55.0	2.0	0.0	0.0	1.0	1.0	0.0	0.0	0.0	0.0	
JUJ_10916	0.0	0.0	0.0	0.0	0.0	0.0	0.0	0.0	0.0	0.0	0.0	0.0	0.0	0.0	0.0	0.0	0.0	0.0	0.0	0.0	
JUJ_6518	0.0	0.0	0.0	0.0	0.0	0.0	0.0	0.0	1.0	7.0	0.0	0.0	1.0	0.0	0.0	16.0	0.0	0.0	0.0	0.0	
JUJ_23406	0.0	0.0	0.0	0.0	0.0	0.0	0.0	0.0	0.0	2.0	134.0	99.0	14.0	0.0	0.0	0.0	0.0	0.0	0.0	0.0	
JUJ_17043	0.0	0.0	0.0	0.0	0.0	0.0	0.0	0.0	0.0	0.0	9.0	0.0	0.0	1.0	0.0	5.0	0.0	0.0	0.0	0.0	
JUJ_366	0.0	0.0	0.0	0.0	0.0	0.0	0.0	0.0	0.0	1.0	0.0	0.0	0.0	0.0	0.0	0.0	0.0	0.0	0.0	0.0	
JUJ_12068	0.0	0.0	0.0	0.0	0.0	0.0	0.0	0.0	0.0	0.0	1.0	0.0	0.0	11.0	0.0	0.0	0.0	0.0	0.0	0.0	
JUJ_1433	0.0	0.0	0.0	0.0	0.0	0.0	0.0	0.0	0.0	0.0	0.0	29.0	0.0	0.0	0.0	0.0	0.0	0.0	0.0	0.0	
JUJ_17848	0.0	0.0	0.0	0.0	0.0	0.0	0.0	0.0	0.0	0.0	0.0	0.0	0.0	0.0	685.0	0.0	0.0	0.0	0.0	0.0	
JUJ_15187	0.0	0.0	0.0	0.0	0.0	0.0	0.0	0.0	0.0	0.0	2.0	2.0	0.0	0.0	0.0	0.0	0.0	0.0	0.0	0.0	
JUJ_1437	0.0	0.0	0.0	0.0	0.0	0.0	0.0	0.0	0.0	34.0	18.0	0.0	0.0	0.0	0.0	24.0	0.0	0.0	0.0	0.0	
JUJ_18276	0.0	0.0	0.0	0.0	0.0	0.0	0.0	0.0	0.0	0.0	0.0	0.0	0.0	0.0	0.0	0.0	0.0	0.0	0.0	0.0	
JUJ_15159	0.0	0.0	0.0	0.0	0.0	0.0	0.0	0.0	0.0	0.0	2.0	0.0	0.0	0.0	0.0	0.0	0.0	0.0	0.0	0.0	
JUJ_1710	0.0	0.0	0.0	0.0	0.0	0.0	0.0	0.0	0.0	0.0	22.0	0.0	0.0	0.0	2.0	0.0	0.0	0.0	0.0	0.0	
JUJ_15095	0.0	0.0	0.0	0.0	0.0	0.0	0.0	0.0	0.0	50.0	3.0	0.0	0.0	0.0	0.0	0.0	0.0	0.0	0.0	0.0	
JUJ_1790	0.0	0.0	0.0	0.0	0.0	0.0	0.0	0.0	0.0	0.0	0.0	0.0	0.0	5.0	0.0	1.0	0.0	0.0	0.0	0.0	
JUJ_17941	0.0	0.0	0.0	0.0	0.0	0.0	0.0	0.0	0.0	0.0	0.0	0.0	0.0	0.0	0.0	0.0	0.0	0.0	0.0	0.0	
JUJ_21860	0.0	0.0	0.0	0.0	0.0	0.0	0.0	0.0	0.0	0.0	18.0	1.0	0.0	1.0	0.0	0.0	0.0	0.0	0.0	0.0	
JUJ_21143	0.0	0.0	0.0	0.0	0.0	0.0	0.0	0.0	0.0	0.0	76.0	0.0	0.0	0.0	350.0	0.0	0.0	0.0	0.0	0.0	
JUJ_2468	0.0	0.0	0.0	0.0	0.0	0.0	0.0	0.0	3.0	0.0	1.0	28.0	1.0	0.0	0.0	0.0	0.0	0.0	0.0	0.0	
JUJ_23466	0.0	0.0	0.0	0.0	0.0	0.0	0.0	0.0	0.0	0.0	224.0	53.0	0.0	0.0	0.0	1.0	0.0	0.0	0.0	0.0	
JUJ_1734	0.0	0.0	0.0	0.0	0.0	0.0	0.0	0.0	0.0	0.0	0.0	0.0	0.0	0.0	0.0	0.0	0.0	0.0	0.0	0.0	
JUJ_12829	0.0	0.0	0.0	0.0	0.0	0.0	0.0	0.0	0.0	0.0	0.0	0.0	0.0	0.0	0.0	0.0	0.0	0.0	0.0	0.0	
JUJ_2590	0.0	0.0	0.0	0.0	0.0	0.0	0.0	0.0	0.0	0.0	0.0	2.0	0.0	0.0	0.0	0.0	0.0	0.0	0.0	0.0	
JUJ_11444	0.0	0.0	0.0	0.0	0.0	0.0	0.0	0.0	0.0	0.0	0.0	0.0	0.0	0.0	0.0	0.0	0.0	0.0	0.0	0.0	
JUJ_20539	0.0	0.0	0.0	0.0	0.0	0.0	0.0	0.0	0.0	0.0	0.0	9.0	0.0	1.0	1.0	0.0	0.0	0.0	0.0	0.0	
JUJ_5807	0.0	0.0	0.0	0.0	0.0	0.0	0.0	0.0	0.0	0.0	0.0	8.0	0.0	0.0	0.0	0.0	0.0	0.0	0.0	0.0	
JUJ_2624	0.0	0.0	0.0	0.0	0.0	0.0	0.0	0.0	0.0	0.0	0.0	0.0	0.0	0.0	0.0	0.0	0.0	0.0	0.0	0.0	
JUJ_12919	0.0	0.0	0.0	0.0	0.0	0.0	0.0	0.0	0.0	0.0	0.0	7.0	0.0	0.0	0.0	0.0	0.0	0.0	0.0	0.0	
JUJ_15707	0.0	0.0	0.0	0.0	0.0	0.0	0.0	0.0	0.0	0.0	0.0	0.0	0.0	0.0	0.0	0.0	0.0	0.0	0.0	0.0	
JUJ_13478	0.0	0.0	0.0	0.0	0.0	0.0	0.0	0.0	0.0	1.0	0.0	1.0	0.0	0.0	0.0	1.0	0.0	0.0	0.0	0.0	
JUJ_10872	0.0	0.0	0.0	0.0	0.0	0.0	0.0	0.0	0.0	0.0	0.0	0.0	0.0	0.0	0.0	0.0	0.0	0.0	0.0	0.0	
JUJ_1959	0.0	0.0	0.0	0.0	0.0	0.0	0.0	0.0	0.0	0.0	4.0	0.0	0.0	0.0	0.0	0.0	0.0	0.0	0.0	0.0	
JUJ_16860	0.0	0.0	0.0	0.0	0.0	0.0	0.0	0.0	0.0	0.0	0.0	3.0	0.0	0.0	198.0	4.0	0.0	0.0	0.0	0.0	
JUJ_4331	0.0	0.0	0.0	0.0	0.0	0.0	0.0	0.0	0.0	0.0	5.0	0.0	0.0	0.0	0.0	2.0	0.0	0.0	0.0	0.0	
JUJ_15333	0.0	0.0	0.0	0.0	0.0	0.0	0.0	0.0	0.0	1.0	1.0	0.0	0.0	0.0	0.0	1.0	0.0	0.0	0.0	0.0	
JUJ_15213	0.0	0.0	0.0	0.0	0.0	0.0	0.0	0.0	0.0	0.0	0.0	0.0	0.0	0.0	0.0	0.0	0.0	0.0	0.0	0.0	
JUJ_1745	0.0	0.0	0.0	0.0	0.0	0.0	0.0	0.0	0.0	292.0	0.0	0.0	0.0	0.0	0.0	0.0	0.0	0.0	0.0	0.0	
JUJ_22822	0.0	0.0	0.0	0.0	0.0	0.0	0.0	0.0	0.0	0.0	4.0	0.0	0.0	0.0	271.0	0.0	0.0	0.0	0.0	0.0	
JUJ_3652	0.0	0.0	0.0	0.0	0.0	0.0	0.0	0.0	0.0	0.0	0.0	0.0	0.0	0.0	0.0	0.0	0.0	0.0	0.0	0.0	
JUJ_6041	0.0	0.0	0.0	0.0	0.0	0.0	0.0	0.0	0.0	0.0	0.0	0.0	0.0	0.0	0.0	0.0	0.0	0.0	0.0	0.0	
JUJ_12658	0.0	0.0	0.0	0.0	0.0	0.0	0.0	0.0	9.0	32.0	56.0	97.0	87.0	0.0	0.0	53.0	0.0	0.0	0.0	0.0	
JUJ_12173	0.0	0.0	0.0	0.0	0.0	0.0	0.0	0.0	0.0	647.0	9.0	1.0	0.0	13.0	3.0	0.0	0.0	0.0	0.0	0.0	
JUJ_18384	0.0	0.0	0.0	0.0	0.0	0.0	0.0	0.0	0.0	0.0	68.0	1.0	0.0	0.0	0.0	2.0	0.0	0.0	0.0	0.0	
JUJ_12822	0.0	0.0	0.0	0.0	0.0	0.0	0.0	0.0	0.0	0.0	0.0	0.0	0.0	0.0	0.0	0.0	0.0	0.0	0.0	0.0	
JUJ_18407	0.0	0.0	0.0	0.0	0.0	0.0	0.0	0.0	0.0	8.0	0.0	55.0	0.0	0.0	0.0	0.0	0.0	0.0	0.0	0.0	
JUJ_12207	0.0	0.0	0.0	0.0	0.0	0.0	0.0	0.0	0.0	2.0	18.0	1.0	53.0	0.0	0.0	0.0	0.0	0.0	0.0	0.0	
JUJ_18228	0.0	0.0	0.0	0.0	0.0	0.0	0.0	0.0	0.0	0.0	0.0	0.0	0.0	0.0	0.0	7.0	0.0	0.0	0.0	0.0	
JUJ_22234	0.0	0.0	0.0	0.0	0.0	0.0	0.0	0.0	0.0	0.0	782.0	181.0	0.0	0.0	0.0	0.0	0.0	0.0	0.0	0.0	
JUJ_919	0.0	0.0	0.0	0.0	0.0	0.0	0.0	0.0	0.0	37.0	0.0	1.0	0.0	0.0	0.0	1.0	0.0	0.0	0.0	0.0	
JUJ_3182	0.0	0.0	0.0	0.0	0.0	0.0	0.0	0.0	0.0	0.0	0.0	0.0	0.0	0.0	0.0	0.0	0.0	0.0	0.0	0.0	
JUJ_16610	0.0	0.0	0.0	0.0	0.0	0.0	0.0	0.0	0.0	0.0	0.0	0.0	1.0	0.0	0.0	0.0	0.0	0.0	0.0	0.0	
JUJ_12014	0.0	0.0	0.0	0.0	0.0	0.0	0.0	0.0	0.0	83.0	8.0	38.0	0.0	39.0	0.0	14.0	0.0	0.0	0.0	0.0	
JUJ_6982	0.0	0.0	0.0	0.0	0.0	0.0	0.0	0.0	0.0	0.0	0.0	0.0	0.0	0.0	0.0	0.0	0.0	0.0	0.0	0.0	
JUJ_12711	0.0	0.0	0.0	0.0	0.0	0.0	0.0	0.0	21.0	0.0	0.0	0.0	0.0	0.0	0.0	0.0	0.0	0.0	0.0	0.0	
JUJ_986	0.0	0.0	0.0	0.0	0.0	0.0	0.0	0.0	0.0	0.0	0.0	0.0	0.0	0.0	0.0	0.0	0.0	0.0	0.0	0.0	
JUJ_11899	0.0	0.0	0.0	0.0	0.0	0.0	0.0	0.0	0.0	321.0	334.0	23.0	0.0	80.0	2.0	1.0	0.0	0.0	0.0	0.0	
JUJ_839	0.0	0.0	0.0	0.0	0.0	0.0	0.0	0.0	0.0	175.0	0.0	68.0	0.0	0.0	1.0	0.0	0.0	0.0	0.0	0.0	
JUJ_16883	0.0	0.0	0.0	0.0	0.0	0.0	0.0	0.0	18.0	0.0	0.0	85.0	1280.0	0.0	0.0	0.0	0.0	0.0	0.0	0.0	
JUJ_12830	0.0	0.0	0.0	0.0	0.0	0.0	0.0	0.0	0.0	0.0	13.0	25.0	0.0	1.0	0.0	25.0	0.0	0.0	0.0	0.0	
JUJ_20344	0.0	0.0	0.0	0.0	0.0	0.0	0.0	0.0	0.0	0.0	10.0	0.0	0.0	0.0	0.0	0.0	0.0	0.0	0.0	0.0	
JUJ_12099	0.0	0.0	0.0	0.0	0.0	0.0	0.0	0.0	0.0	42.0	88.0	125.0	171.0	55.0	1.0	35.0	0.0	0.0	0.0	0.0	
JUJ_682	0.0	0.0	0.0	0.0	0.0	0.0	0.0	0.0	0.0	0.0	0.0	540.0	3.0	3.0	1.0	3.0	0.0	0.0	0.0	0.0	
JUJ_13348	0.0	0.0	0.0	0.0	0.0	0.0	0.0	0.0	0.0	0.0	4.0	0.0	0.0	0.0	2018.0	0.0	0.0	0.0	0.0	0.0	
JUJ_9786	0.0	0.0	0.0	0.0	0.0	0.0	0.0	0.0	0.0	0.0	0.0	0.0	0.0	0.0	0.0	0.0	0.0	0.0	0.0	0.0	
JUJ_151	0.0	0.0	0.0	0.0	0.0	0.0	0.0	0.0	0.0	25.0	3.0	39.0	0.0	1.0	0.0	15.0	0.0	0.0	0.0	0.0	
JUJ_1834	0.0	0.0	0.0	0.0	0.0	0.0	0.0	0.0	0.0	0.0	0.0	0.0	0.0	0.0	0.0	0.0	0.0	0.0	0.0	0.0	
JUJ_345	0.0	0.0	0.0	0.0	0.0	0.0	0.0	0.0	0.0	0.0	0.0	0.0	0.0	0.0	0.0	0.0	0.0	0.0	0.0	0.0	
JUJ_6845	0.0	0.0	0.0	0.0	0.0	0.0	0.0	0.0	0.0	0.0	79.0	0.0	4.0	0.0	0.0	0.0	0.0	0.0	0.0	0.0	
JUJ_19195	0.0	0.0	0.0	0.0	0.0	0.0	0.0	0.0	0.0	0.0	155.0	1.0	0.0	2.0	30.0	2.0	0.0	0.0	0.0	0.0	
JUJ_220	0.0	0.0	0.0	0.0	0.0	0.0	0.0	0.0	0.0	0.0	0.0	0.0	0.0	0.0	0.0	0.0	0.0	0.0	0.0	0.0	
JUJ_22849	0.0	0.0	0.0	0.0	0.0	0.0	0.0	0.0	0.0	0.0	17.0	0.0	0.0	0.0	0.0	0.0	0.0	0.0	0.0	0.0	
JUJ_12301	0.0	0.0	0.0	0.0	0.0	0.0	0.0	0.0	7.0	0.0	64.0	3.0	15.0	40.0	0.0	5.0	0.0	0.0	0.0	0.0	
JUJ_113	0.0	0.0	0.0	0.0	0.0	0.0	0.0	0.0	6.0	101.0	1.0	546.0	1.0	982.0	1.0	7.0	0.0	0.0	0.0	0.0	
JUJ_2748	0.0	0.0	0.0	0.0	0.0	0.0	0.0	0.0	22.0	0.0	6.0	0.0	0.0	0.0	0.0	1.0	0.0	0.0	0.0	0.0	
JUJ_17983	0.0	0.0	0.0	0.0	0.0	0.0	0.0	0.0	0.0	0.0	0.0	0.0	0.0	0.0	0.0	0.0	0.0	0.0	0.0	0.0	
JUJ_5515	0.0	0.0	0.0	0.0	0.0	0.0	0.0	0.0	0.0	0.0	0.0	0.0	0.0	0.0	0.0	0.0	0.0	0.0	0.0	0.0	
JUJ_8584	0.0	0.0	0.0	0.0	0.0	0.0	0.0	0.0	0.0	0.0	0.0	0.0	0.0	0.0	0.0	0.0	0.0	0.0	0.0	0.0	
JUJ_1858	0.0	0.0	0.0	0.0	0.0	0.0	0.0	0.0	0.0	87.0	0.0	0.0	0.0	0.0	0.0	0.0	0.0	0.0	0.0	0.0	
JUJ_13091	0.0	0.0	0.0	0.0	0.0	0.0	0.0	0.0	0.0	98.0	9.0	44.0	0.0	0.0	0.0	10.0	0.0	0.0	0.0	0.0	
JUJ_12657	0.0	0.0	0.0	0.0	0.0	0.0	0.0	0.0	0.0	5.0	0.0	3.0	19.0	1.0	0.0	1.0	0.0	0.0	0.0	0.0	
JUJ_920	0.0	0.0	0.0	0.0	0.0	0.0	0.0	0.0	0.0	0.0	0.0	0.0	0.0	1.0	0.0	1.0	0.0	0.0	0.0	0.0	
JUJ_15268	0.0	0.0	0.0	0.0	0.0	0.0	0.0	0.0	0.0	0.0	0.0	0.0	0.0	0.0	0.0	4.0	0.0	0.0	0.0	0.0	
JUJ_1713	0.0	0.0	0.0	0.0	0.0	0.0	0.0	0.0	0.0	0.0	164.0	7.0	29.0	0.0	0.0	0.0	0.0	0.0	0.0	0.0	
JUJ_9084	0.0	0.0	0.0	0.0	0.0	0.0	0.0	0.0	0.0	0.0	0.0	0.0	0.0	0.0	0.0	0.0	0.0	0.0	0.0	0.0	
JUJ_22959	0.0	0.0	0.0	0.0	0.0	0.0	0.0	0.0	0.0	0.0	42.0	0.0	0.0	0.0	23.0	1.0	0.0	0.0	0.0	0.0	
JUJ_14045	0.0	0.0	0.0	0.0	0.0	0.0	0.0	0.0	0.0	3.0	130.0	6.0	14.0	2.0	0.0	53.0	0.0	0.0	0.0	0.0	
JUJ_904	0.0	0.0	0.0	0.0	0.0	0.0	0.0	0.0	0.0	0.0	0.0	4.0	1.0	0.0	0.0	2.0	0.0	0.0	0.0	0.0	
JUJ_5527	0.0	0.0	0.0	0.0	0.0	0.0	0.0	0.0	0.0	0.0	4.0	0.0	0.0	0.0	0.0	0.0	0.0	0.0	0.0	0.0	
JUJ_1791	0.0	0.0	0.0	0.0	0.0	0.0	0.0	0.0	0.0	115.0	0.0	0.0	0.0	0.0	0.0	0.0	0.0	0.0	0.0	0.0	
JUJ_18823	0.0	0.0	0.0	0.0	0.0	0.0	0.0	0.0	0.0	2.0	2.0	0.0	0.0	1.0	0.0	4.0	0.0	0.0	0.0	0.0	
JUJ_18324	0.0	0.0	0.0	0.0	0.0	0.0	0.0	0.0	0.0	0.0	0.0	0.0	0.0	0.0	0.0	0.0	0.0	0.0	0.0	0.0	
JUJ_15098	0.0	0.0	0.0	0.0	0.0	0.0	0.0	0.0	0.0	0.0	0.0	0.0	0.0	0.0	0.0	0.0	0.0	0.0	0.0	0.0	
JUJ_7238	0.0	0.0	0.0	0.0	0.0	0.0	0.0	0.0	0.0	0.0	83.0	0.0	0.0	0.0	0.0	2.0	0.0	0.0	0.0	0.0	
JUJ_15052	0.0	0.0	0.0	0.0	0.0	0.0	0.0	0.0	0.0	0.0	0.0	0.0	0.0	0.0	0.0	0.0	0.0	0.0	0.0	0.0	
JUJ_10726	0.0	0.0	0.0	0.0	0.0	0.0	0.0	0.0	0.0	0.0	0.0	1.0	0.0	0.0	0.0	0.0	0.0	0.0	0.0	0.0	
JUJ_2060	0.0	0.0	0.0	0.0	0.0	0.0	0.0	0.0	0.0	53.0	0.0	0.0	0.0	0.0	0.0	5.0	0.0	0.0	0.0	0.0	
JUJ_774	0.0	0.0	0.0	0.0	0.0	0.0	0.0	0.0	1.0	128.0	0.0	1.0	0.0	15.0	2.0	37.0	0.0	0.0	0.0	0.0	
JUJ_961	0.0	0.0	0.0	0.0	0.0	0.0	0.0	0.0	0.0	717.0	0.0	0.0	0.0	0.0	1.0	0.0	0.0	0.0	0.0	0.0	
JUJ_12791	0.0	0.0	0.0	0.0	0.0	0.0	0.0	0.0	0.0	7.0	2.0	0.0	0.0	0.0	0.0	1.0	0.0	0.0	0.0	0.0	
JUJ_11845	0.0	0.0	0.0	0.0	0.0	0.0	0.0	0.0	1.0	2.0	27.0	34.0	4.0	8.0	2.0	0.0	0.0	0.0	0.0	0.0	
JUJ_6173	0.0	0.0	0.0	0.0	0.0	0.0	0.0	0.0	0.0	0.0	0.0	0.0	0.0	0.0	0.0	0.0	0.0	0.0	0.0	0.0	
JUJ_7290	0.0	0.0	0.0	0.0	0.0	0.0	0.0	0.0	0.0	0.0	0.0	0.0	0.0	0.0	1.0	0.0	0.0	0.0	0.0	0.0	
JUJ_14137	0.0	0.0	0.0	0.0	0.0	0.0	0.0	0.0	0.0	0.0	0.0	0.0	0.0	0.0	0.0	0.0	0.0	0.0	0.0	0.0	
JUJ_9767	0.0	0.0	0.0	0.0	0.0	0.0	0.0	0.0	0.0	0.0	0.0	0.0	0.0	0.0	0.0	2.0	0.0	0.0	0.0	0.0	
JUJ_16868	0.0	0.0	0.0	0.0	0.0	0.0	0.0	0.0	0.0	11.0	62.0	2.0	3.0	1.0	18.0	1.0	0.0	0.0	0.0	0.0	
JUJ_7726	0.0	0.0	0.0	0.0	0.0	0.0	0.0	0.0	0.0	0.0	0.0	0.0	0.0	0.0	0.0	0.0	0.0	0.0	0.0	0.0	
JUJ_1333	0.0	0.0	0.0	0.0	0.0	0.0	0.0	0.0	0.0	0.0	0.0	0.0	0.0	0.0	0.0	0.0	0.0	0.0	0.0	0.0	
JUJ_11529	0.0	0.0	0.0	0.0	0.0	0.0	0.0	0.0	0.0	0.0	0.0	0.0	0.0	0.0	1.0	0.0	0.0	0.0	0.0	0.0	
JUJ_91	0.0	0.0	0.0	0.0	0.0	0.0	0.0	0.0	0.0	0.0	0.0	0.0	0.0	0.0	0.0	0.0	0.0	0.0	0.0	0.0	
JUJ_13731	0.0	0.0	0.0	0.0	0.0	0.0	0.0	0.0	0.0	0.0	0.0	0.0	0.0	0.0	0.0	0.0	0.0	0.0	0.0	0.0	
JUJ_12089	0.0	0.0	0.0	0.0	0.0	0.0	0.0	0.0	0.0	0.0	1.0	0.0	0.0	2.0	0.0	8.0	0.0	0.0	0.0	0.0	
JUJ_14657	0.0	0.0	0.0	0.0	0.0	0.0	0.0	0.0	0.0	0.0	0.0	0.0	0.0	0.0	1365.0	0.0	0.0	0.0	0.0	0.0	
JUJ_1967	0.0	0.0	0.0	0.0	0.0	0.0	0.0	0.0	0.0	0.0	0.0	0.0	0.0	0.0	0.0	0.0	0.0	0.0	0.0	0.0	
JUJ_14228	0.0	0.0	0.0	0.0	0.0	0.0	0.0	0.0	0.0	0.0	0.0	0.0	0.0	0.0	0.0	0.0	0.0	0.0	0.0	0.0	
JUJ_18653	0.0	0.0	0.0	0.0	0.0	0.0	0.0	0.0	0.0	0.0	0.0	0.0	0.0	3.0	0.0	0.0	0.0	0.0	0.0	0.0	
JUJ_12926	0.0	0.0	0.0	0.0	0.0	0.0	0.0	0.0	0.0	0.0	49.0	40.0	0.0	7.0	0.0	8.0	0.0	0.0	0.0	0.0	
JUJ_916	0.0	0.0	0.0	0.0	0.0	0.0	0.0	0.0	0.0	0.0	0.0	1.0	0.0	0.0	0.0	0.0	0.0	0.0	0.0	0.0	
JUJ_8997	0.0	0.0	0.0	0.0	0.0	0.0	0.0	0.0	0.0	0.0	0.0	11.0	1.0	1.0	1.0	0.0	0.0	0.0	0.0	0.0	
JUJ_11976	0.0	0.0	0.0	0.0	0.0	0.0	0.0	0.0	0.0	20.0	1.0	1.0	0.0	0.0	0.0	0.0	0.0	0.0	0.0	0.0	
JUJ_11442	0.0	0.0	0.0	0.0	0.0	0.0	0.0	0.0	0.0	0.0	0.0	0.0	0.0	0.0	0.0	0.0	0.0	0.0	0.0	0.0	
JUJ_13564	0.0	0.0	0.0	0.0	0.0	0.0	0.0	0.0	0.0	1.0	2.0	0.0	0.0	0.0	0.0	0.0	0.0	0.0	0.0	0.0	
JUJ_1062	0.0	0.0	0.0	0.0	0.0	0.0	0.0	0.0	0.0	131.0	0.0	106.0	0.0	0.0	1.0	0.0	0.0	0.0	0.0	0.0	
JUJ_13711	0.0	0.0	0.0	0.0	0.0	0.0	0.0	0.0	0.0	0.0	0.0	0.0	0.0	0.0	0.0	0.0	0.0	0.0	0.0	0.0	
JUJ_19718	0.0	0.0	0.0	0.0	0.0	0.0	0.0	0.0	0.0	0.0	3.0	0.0	0.0	0.0	0.0	0.0	0.0	0.0	0.0	0.0	
JUJ_7331	0.0	0.0	0.0	0.0	0.0	0.0	0.0	0.0	0.0	0.0	0.0	0.0	0.0	0.0	0.0	0.0	0.0	0.0	0.0	0.0	
JUJ_5870	0.0	0.0	0.0	0.0	0.0	0.0	0.0	0.0	0.0	0.0	0.0	3.0	0.0	0.0	0.0	1.0	0.0	0.0	0.0	0.0	
JUJ_3972	0.0	0.0	0.0	0.0	0.0	0.0	0.0	0.0	0.0	0.0	3.0	0.0	0.0	0.0	0.0	0.0	0.0	0.0	0.0	0.0	
JUJ_4036	0.0	0.0	0.0	0.0	0.0	0.0	0.0	0.0	0.0	0.0	0.0	1.0	2.0	0.0	0.0	0.0	0.0	0.0	0.0	0.0	
JUJ_11533	0.0	0.0	0.0	0.0	0.0	0.0	0.0	0.0	0.0	0.0	16.0	6.0	0.0	0.0	20.0	0.0	0.0	0.0	0.0	0.0	
JUJ_11717	0.0	0.0	0.0	0.0	0.0	0.0	0.0	0.0	0.0	11.0	46.0	4.0	1.0	0.0	1.0	10.0	0.0	0.0	0.0	0.0	
JUJ_5071	0.0	0.0	0.0	0.0	0.0	0.0	0.0	0.0	0.0	104.0	1.0	0.0	2.0	3.0	0.0	0.0	0.0	0.0	0.0	0.0	
JUJ_18102	0.0	0.0	0.0	0.0	0.0	0.0	0.0	0.0	0.0	0.0	1.0	0.0	0.0	0.0	0.0	0.0	0.0	0.0	0.0	0.0	
JUJ_3875	0.0	0.0	0.0	0.0	0.0	0.0	0.0	0.0	0.0	0.0	0.0	0.0	0.0	0.0	0.0	0.0	0.0	0.0	0.0	0.0	
JUJ_469	0.0	0.0	0.0	0.0	0.0	0.0	0.0	0.0	0.0	0.0	0.0	0.0	0.0	0.0	0.0	0.0	0.0	0.0	0.0	0.0	
JUJ_1705	0.0	0.0	0.0	0.0	0.0	0.0	0.0	0.0	1.0	0.0	4.0	0.0	0.0	0.0	0.0	0.0	0.0	0.0	0.0	0.0	
JUJ_12179	0.0	0.0	0.0	0.0	0.0	0.0	0.0	0.0	0.0	0.0	1021.0	71.0	0.0	0.0	4.0	0.0	0.0	0.0	0.0	0.0	
JUJ_1994	0.0	0.0	0.0	0.0	0.0	0.0	0.0	0.0	0.0	0.0	0.0	0.0	0.0	0.0	0.0	5.0	0.0	0.0	0.0	0.0	
JUJ_18365	0.0	0.0	0.0	0.0	0.0	0.0	0.0	0.0	0.0	0.0	1.0	0.0	0.0	0.0	0.0	0.0	0.0	0.0	0.0	0.0	
JUJ_771	0.0	0.0	0.0	0.0	0.0	0.0	0.0	0.0	2.0	3.0	9.0	61.0	0.0	0.0	0.0	21.0	0.0	0.0	0.0	0.0	
JUJ_15857	0.0	0.0	0.0	0.0	0.0	0.0	0.0	0.0	0.0	0.0	0.0	0.0	0.0	0.0	338.0	0.0	0.0	0.0	0.0	0.0	
JUJ_18017	0.0	0.0	0.0	0.0	0.0	0.0	0.0	0.0	0.0	0.0	22.0	1.0	128.0	62.0	1.0	0.0	0.0	0.0	0.0	0.0	
JUJ_13958	0.0	0.0	0.0	0.0	0.0	0.0	0.0	0.0	0.0	45.0	3.0	45.0	0.0	1.0	1.0	4.0	0.0	0.0	0.0	0.0	
JUJ_1812	0.0	0.0	0.0	0.0	0.0	0.0	0.0	0.0	0.0	0.0	0.0	0.0	0.0	0.0	0.0	0.0	0.0	0.0	0.0	0.0	
JUJ_15233	0.0	0.0	0.0	0.0	0.0	0.0	0.0	0.0	0.0	0.0	0.0	0.0	0.0	0.0	0.0	0.0	0.0	0.0	0.0	0.0	
JUJ_744	0.0	0.0	0.0	0.0	0.0	0.0	0.0	0.0	0.0	0.0	0.0	0.0	1.0	33.0	0.0	0.0	0.0	0.0	0.0	0.0	
JUJ_2010	0.0	0.0	0.0	0.0	0.0	0.0	0.0	0.0	0.0	0.0	5.0	12.0	45.0	0.0	0.0	1.0	0.0	0.0	0.0	0.0	
JUJ_14110	0.0	0.0	0.0	0.0	0.0	0.0	0.0	0.0	0.0	0.0	0.0	0.0	0.0	0.0	0.0	0.0	0.0	0.0	0.0	0.0	
JUJ_7000	0.0	0.0	0.0	0.0	0.0	0.0	0.0	0.0	0.0	0.0	0.0	0.0	0.0	0.0	0.0	0.0	0.0	0.0	0.0	0.0	
JUJ_18049	0.0	0.0	0.0	0.0	0.0	0.0	0.0	0.0	0.0	0.0	10.0	24.0	0.0	1.0	0.0	0.0	0.0	0.0	0.0	0.0	
JUJ_1886	0.0	0.0	0.0	0.0	0.0	0.0	0.0	0.0	0.0	0.0	0.0	0.0	0.0	0.0	0.0	0.0	0.0	0.0	0.0	0.0	
JUJ_6830	0.0	0.0	0.0	0.0	0.0	0.0	0.0	0.0	0.0	0.0	0.0	0.0	0.0	0.0	0.0	0.0	0.0	0.0	0.0	0.0	
JUJ_1732	0.0	0.0	0.0	0.0	0.0	0.0	0.0	0.0	0.0	0.0	0.0	0.0	0.0	0.0	0.0	0.0	0.0	0.0	0.0	0.0	
JUJ_13147	0.0	0.0	0.0	0.0	0.0	0.0	0.0	0.0	0.0	0.0	0.0	3.0	1.0	0.0	1.0	0.0	0.0	0.0	0.0	0.0	
JUJ_11619	0.0	0.0	0.0	0.0	0.0	0.0	0.0	0.0	0.0	0.0	1.0	0.0	0.0	0.0	0.0	0.0	0.0	0.0	0.0	0.0	
JUJ_12377	0.0	0.0	0.0	0.0	0.0	0.0	0.0	0.0	0.0	0.0	2.0	0.0	0.0	0.0	0.0	0.0	0.0	0.0	0.0	0.0	
JUJ_10899	0.0	0.0	0.0	0.0	0.0	0.0	0.0	0.0	0.0	0.0	0.0	0.0	0.0	0.0	0.0	0.0	0.0	0.0	0.0	0.0	
JUJ_2024	0.0	0.0	0.0	0.0	0.0	0.0	0.0	0.0	0.0	0.0	0.0	0.0	0.0	0.0	0.0	0.0	0.0	0.0	0.0	0.0	
JUJ_13872	0.0	0.0	0.0	0.0	0.0	0.0	0.0	0.0	0.0	0.0	1.0	1.0	0.0	0.0	2248.0	0.0	0.0	0.0	0.0	0.0	
JUJ_15216	0.0	0.0	0.0	0.0	0.0	0.0	0.0	0.0	0.0	0.0	0.0	0.0	0.0	0.0	0.0	0.0	0.0	0.0	0.0	0.0	
JUJ_14870	0.0	0.0	0.0	0.0	0.0	0.0	0.0	0.0	0.0	1.0	1.0	0.0	0.0	0.0	192.0	1.0	0.0	0.0	0.0	0.0	
JUJ_6355	0.0	0.0	0.0	0.0	0.0	0.0	0.0	0.0	0.0	0.0	0.0	0.0	0.0	0.0	0.0	0.0	0.0	0.0	0.0	0.0	
JUJ_1966	0.0	0.0	0.0	0.0	0.0	0.0	0.0	0.0	0.0	0.0	0.0	0.0	0.0	0.0	0.0	0.0	0.0	0.0	0.0	0.0	
JUJ_6070	0.0	0.0	0.0	0.0	0.0	0.0	0.0	0.0	0.0	0.0	0.0	26.0	3.0	0.0	1.0	3.0	0.0	0.0	0.0	0.0	
JUJ_1048	0.0	0.0	0.0	0.0	0.0	0.0	0.0	0.0	0.0	0.0	0.0	64.0	0.0	0.0	0.0	0.0	0.0	0.0	0.0	0.0	
JUJ_22647	0.0	0.0	0.0	0.0	0.0	0.0	0.0	0.0	0.0	0.0	0.0	0.0	0.0	0.0	22.0	0.0	0.0	0.0	0.0	0.0	
JUJ_1717	0.0	0.0	0.0	0.0	0.0	0.0	0.0	0.0	0.0	0.0	6.0	10.0	39.0	0.0	0.0	0.0	0.0	0.0	0.0	0.0	
JUJ_7105	0.0	0.0	0.0	0.0	0.0	0.0	0.0	0.0	0.0	0.0	0.0	0.0	0.0	0.0	0.0	0.0	0.0	0.0	0.0	0.0	
JUJ_13998	0.0	0.0	0.0	0.0	0.0	0.0	0.0	0.0	0.0	1.0	1.0	1.0	0.0	0.0	70.0	0.0	0.0	0.0	0.0	0.0	
JUJ_2092	0.0	0.0	0.0	0.0	0.0	0.0	0.0	0.0	0.0	0.0	0.0	0.0	0.0	0.0	0.0	0.0	0.0	0.0	0.0	0.0	
JUJ_6823	0.0	0.0	0.0	0.0	0.0	0.0	0.0	0.0	0.0	0.0	0.0	0.0	0.0	0.0	0.0	0.0	0.0	0.0	0.0	0.0	
JUJ_1826	0.0	0.0	0.0	0.0	0.0	0.0	0.0	0.0	0.0	0.0	0.0	0.0	0.0	0.0	0.0	0.0	0.0	0.0	0.0	0.0	
JUJ_12842	0.0	0.0	0.0	0.0	0.0	0.0	0.0	0.0	0.0	0.0	0.0	0.0	0.0	0.0	0.0	9.0	0.0	0.0	0.0	0.0	
JUJ_16684	0.0	0.0	0.0	0.0	0.0	0.0	0.0	0.0	0.0	0.0	0.0	0.0	0.0	0.0	0.0	0.0	0.0	0.0	0.0	0.0	
JUJ_13695	0.0	0.0	0.0	0.0	0.0	0.0	0.0	0.0	0.0	0.0	0.0	0.0	0.0	0.0	0.0	0.0	0.0	0.0	0.0	0.0	
JUJ_18275	0.0	0.0	0.0	0.0	0.0	0.0	0.0	0.0	0.0	0.0	0.0	49.0	0.0	0.0	0.0	0.0	0.0	0.0	0.0	0.0	
JUJ_8594	0.0	0.0	0.0	0.0	0.0	0.0	0.0	0.0	0.0	0.0	0.0	0.0	0.0	0.0	0.0	0.0	0.0	0.0	0.0	0.0	
JUJ_15155	0.0	0.0	0.0	0.0	0.0	0.0	0.0	0.0	0.0	0.0	0.0	0.0	1.0	0.0	1.0	0.0	0.0	0.0	0.0	0.0	
JUJ_13719	0.0	0.0	0.0	0.0	0.0	0.0	0.0	0.0	0.0	0.0	0.0	0.0	0.0	0.0	0.0	0.0	0.0	0.0	0.0	0.0	
JUJ_12833	0.0	0.0	0.0	0.0	0.0	0.0	0.0	0.0	2.0	0.0	0.0	0.0	0.0	0.0	0.0	0.0	0.0	0.0	0.0	0.0	
JUJ_16587	0.0	0.0	0.0	0.0	0.0	0.0	0.0	0.0	0.0	0.0	0.0	0.0	0.0	0.0	0.0	0.0	0.0	0.0	0.0	0.0	
JUJ_15957	0.0	0.0	0.0	0.0	0.0	0.0	0.0	0.0	0.0	2.0	23.0	0.0	0.0	0.0	11.0	15.0	0.0	0.0	0.0	0.0	
JUJ_9580	0.0	0.0	0.0	0.0	0.0	0.0	0.0	0.0	0.0	0.0	0.0	7.0	0.0	0.0	0.0	0.0	0.0	0.0	0.0	0.0	
JUJ_13513	0.0	0.0	0.0	0.0	0.0	0.0	0.0	0.0	0.0	0.0	0.0	0.0	0.0	0.0	0.0	0.0	0.0	0.0	0.0	0.0	
JUJ_5243	0.0	0.0	0.0	0.0	0.0	0.0	0.0	0.0	0.0	0.0	0.0	0.0	0.0	0.0	72.0	0.0	0.0	0.0	0.0	0.0	
JUJ_11969	0.0	0.0	0.0	0.0	0.0	0.0	0.0	0.0	0.0	0.0	6.0	0.0	0.0	0.0	0.0	1.0	0.0	0.0	0.0	0.0	
JUJ_12794	0.0	0.0	0.0	0.0	0.0	0.0	0.0	0.0	0.0	0.0	0.0	22.0	0.0	0.0	0.0	0.0	0.0	0.0	0.0	0.0	
JUJ_259	0.0	0.0	0.0	0.0	0.0	0.0	0.0	0.0	0.0	0.0	1.0	0.0	0.0	0.0	0.0	1.0	0.0	0.0	0.0	0.0	
JUJ_9777	0.0	0.0	0.0	0.0	0.0	0.0	0.0	0.0	0.0	0.0	0.0	0.0	0.0	0.0	0.0	0.0	0.0	0.0	0.0	0.0	
JUJ_11716	0.0	0.0	0.0	0.0	0.0	0.0	0.0	0.0	0.0	45.0	0.0	0.0	0.0	0.0	0.0	0.0	0.0	0.0	0.0	0.0	
JUJ_12419	0.0	0.0	0.0	0.0	0.0	0.0	0.0	0.0	0.0	6.0	14.0	0.0	20.0	7.0	0.0	0.0	0.0	0.0	0.0	0.0	
JUJ_12304	0.0	0.0	0.0	0.0	0.0	0.0	0.0	0.0	0.0	0.0	10.0	0.0	0.0	0.0	0.0	0.0	0.0	0.0	0.0	0.0	
JUJ_2225	0.0	0.0	0.0	0.0	0.0	0.0	0.0	0.0	0.0	0.0	0.0	0.0	0.0	0.0	0.0	0.0	0.0	0.0	0.0	0.0	
JUJ_18076	0.0	0.0	0.0	0.0	0.0	0.0	0.0	0.0	0.0	0.0	0.0	6.0	53.0	1.0	0.0	0.0	0.0	0.0	0.0	0.0	
JUJ_6730	0.0	0.0	0.0	0.0	0.0	0.0	0.0	0.0	0.0	0.0	5.0	0.0	0.0	0.0	0.0	0.0	0.0	0.0	0.0	0.0	
JUJ_18070	0.0	0.0	0.0	0.0	0.0	0.0	0.0	0.0	0.0	0.0	0.0	0.0	0.0	0.0	0.0	0.0	0.0	0.0	0.0	0.0	
JUJ_5826	0.0	0.0	0.0	0.0	0.0	0.0	0.0	0.0	0.0	0.0	0.0	0.0	0.0	19.0	0.0	0.0	0.0	0.0	0.0	0.0	
JUJ_16506	0.0	0.0	0.0	0.0	0.0	0.0	0.0	0.0	0.0	0.0	0.0	0.0	0.0	0.0	0.0	0.0	0.0	0.0	0.0	0.0	
JUJ_18291	0.0	0.0	0.0	0.0	0.0	0.0	0.0	0.0	0.0	0.0	0.0	0.0	0.0	0.0	1.0	0.0	0.0	0.0	0.0	0.0	
JUJ_17943	0.0	0.0	0.0	0.0	0.0	0.0	0.0	0.0	0.0	0.0	0.0	0.0	0.0	0.0	0.0	0.0	0.0	0.0	0.0	0.0	
JUJ_3649	0.0	0.0	0.0	0.0	0.0	0.0	0.0	0.0	0.0	0.0	0.0	117.0	0.0	0.0	0.0	0.0	0.0	0.0	0.0	0.0	
JUJ_12000	0.0	0.0	0.0	0.0	0.0	0.0	0.0	0.0	1.0	2.0	0.0	0.0	2.0	0.0	0.0	0.0	0.0	0.0	0.0	0.0	
JUJ_12757	0.0	0.0	0.0	0.0	0.0	0.0	0.0	0.0	0.0	0.0	0.0	0.0	6.0	0.0	0.0	0.0	0.0	0.0	0.0	0.0	
JUJ_591	0.0	0.0	0.0	0.0	0.0	0.0	0.0	0.0	0.0	171.0	5.0	177.0	1.0	0.0	0.0	0.0	0.0	0.0	0.0	0.0	
JUJ_10753	0.0	0.0	0.0	0.0	0.0	0.0	0.0	0.0	61.0	2383.0	11.0	1.0	0.0	55.0	0.0	8.0	0.0	0.0	0.0	0.0	
JUJ_19175	0.0	0.0	0.0	0.0	0.0	0.0	0.0	0.0	0.0	0.0	8.0	0.0	0.0	0.0	20.0	0.0	0.0	0.0	0.0	0.0	
JUJ_17394	0.0	0.0	0.0	0.0	0.0	0.0	0.0	0.0	0.0	0.0	0.0	0.0	0.0	0.0	0.0	0.0	0.0	0.0	0.0	0.0	
JUJ_1883	0.0	0.0	0.0	0.0	0.0	0.0	0.0	0.0	0.0	0.0	0.0	0.0	1.0	0.0	1.0	0.0	0.0	0.0	0.0	0.0	
JUJ_18405	0.0	0.0	0.0	0.0	0.0	0.0	0.0	0.0	0.0	0.0	0.0	0.0	0.0	0.0	0.0	0.0	0.0	0.0	0.0	0.0	
JUJ_6904	0.0	0.0	0.0	0.0	0.0	0.0	0.0	0.0	0.0	0.0	0.0	0.0	0.0	0.0	0.0	0.0	0.0	0.0	0.0	0.0	
JUJ_5172	0.0	0.0	0.0	0.0	0.0	0.0	0.0	0.0	0.0	0.0	1.0	0.0	9.0	0.0	0.0	0.0	0.0	0.0	0.0	0.0	
JUJ_6327	0.0	0.0	0.0	0.0	0.0	0.0	0.0	0.0	0.0	0.0	0.0	0.0	0.0	0.0	0.0	0.0	0.0	0.0	0.0	0.0	
JUJ_13477	0.0	0.0	0.0	0.0	0.0	0.0	0.0	0.0	0.0	0.0	0.0	1.0	0.0	0.0	0.0	0.0	0.0	0.0	0.0	0.0	
JUJ_1714	0.0	0.0	0.0	0.0	0.0	0.0	0.0	0.0	0.0	0.0	10.0	0.0	2.0	13.0	0.0	5.0	0.0	0.0	0.0	0.0	
JUJ_15274	0.0	0.0	0.0	0.0	0.0	0.0	0.0	0.0	0.0	0.0	0.0	0.0	0.0	0.0	0.0	0.0	0.0	0.0	0.0	0.0	
JUJ_15538	0.0	0.0	0.0	0.0	0.0	0.0	0.0	0.0	0.0	0.0	0.0	0.0	0.0	0.0	0.0	0.0	0.0	0.0	0.0	0.0	
JUJ_2867	0.0	0.0	0.0	0.0	0.0	0.0	0.0	0.0	0.0	31.0	0.0	13.0	0.0	0.0	0.0	9.0	0.0	0.0	0.0	0.0	
JUJ_793	0.0	0.0	0.0	0.0	0.0	0.0	0.0	0.0	0.0	1.0	0.0	30.0	0.0	0.0	0.0	0.0	0.0	0.0	0.0	0.0	
JUJ_3210	0.0	0.0	0.0	0.0	0.0	0.0	0.0	0.0	0.0	0.0	0.0	0.0	0.0	0.0	0.0	0.0	0.0	0.0	0.0	0.0	
JUJ_15221	0.0	0.0	0.0	0.0	0.0	0.0	0.0	0.0	0.0	0.0	0.0	0.0	0.0	0.0	0.0	0.0	0.0	0.0	0.0	0.0	
JUJ_6328	0.0	0.0	0.0	0.0	0.0	0.0	0.0	0.0	0.0	0.0	0.0	0.0	0.0	0.0	0.0	0.0	0.0	0.0	0.0	0.0	
JUJ_4395	0.0	0.0	0.0	0.0	0.0	0.0	0.0	0.0	0.0	0.0	0.0	0.0	0.0	0.0	0.0	0.0	0.0	0.0	0.0	0.0	
JUJ_18007	0.0	0.0	0.0	0.0	0.0	0.0	0.0	0.0	0.0	189.0	2.0	138.0	52.0	1.0	0.0	7.0	0.0	0.0	0.0	0.0	
JUJ_1806	0.0	0.0	0.0	0.0	0.0	0.0	0.0	0.0	0.0	0.0	0.0	0.0	0.0	0.0	0.0	0.0	0.0	0.0	0.0	0.0	
JUJ_1803	0.0	0.0	0.0	0.0	0.0	0.0	0.0	0.0	0.0	0.0	0.0	26.0	0.0	0.0	0.0	0.0	0.0	0.0	0.0	0.0	
JUJ_23304	0.0	0.0	0.0	0.0	0.0	0.0	0.0	0.0	0.0	1.0	11.0	3.0	0.0	0.0	0.0	0.0	0.0	0.0	0.0	0.0	
JUJ_357	0.0	0.0	0.0	0.0	0.0	0.0	0.0	0.0	0.0	0.0	0.0	0.0	0.0	0.0	0.0	0.0	0.0	0.0	0.0	0.0	
JUJ_2719	0.0	0.0	0.0	0.0	0.0	0.0	0.0	0.0	0.0	0.0	0.0	0.0	0.0	0.0	0.0	0.0	0.0	0.0	0.0	0.0	
JUJ_18108	0.0	0.0	0.0	0.0	0.0	0.0	0.0	0.0	0.0	0.0	0.0	0.0	0.0	0.0	0.0	0.0	0.0	0.0	0.0	0.0	
JUJ_15201	0.0	0.0	0.0	0.0	0.0	0.0	0.0	0.0	0.0	0.0	0.0	0.0	0.0	0.0	0.0	0.0	0.0	0.0	0.0	0.0	
JUJ_17385	0.0	0.0	0.0	0.0	0.0	0.0	0.0	0.0	0.0	0.0	4.0	0.0	0.0	0.0	82.0	0.0	0.0	0.0	0.0	0.0	
JUJ_6329	0.0	0.0	0.0	0.0	0.0	0.0	0.0	0.0	0.0	0.0	0.0	0.0	0.0	0.0	0.0	0.0	0.0	0.0	0.0	0.0	
JUJ_1794	0.0	0.0	0.0	0.0	0.0	0.0	0.0	0.0	0.0	123.0	15.0	0.0	0.0	0.0	0.0	5.0	0.0	0.0	0.0	0.0	
JUJ_1720	0.0	0.0	0.0	0.0	0.0	0.0	0.0	0.0	0.0	123.0	1.0	5.0	1.0	7.0	0.0	28.0	0.0	0.0	0.0	0.0	
JUJ_17907	0.0	0.0	0.0	0.0	0.0	0.0	0.0	0.0	0.0	0.0	0.0	0.0	0.0	0.0	0.0	0.0	0.0	0.0	0.0	0.0	
JUJ_17424	0.0	0.0	0.0	0.0	0.0	0.0	0.0	0.0	0.0	0.0	0.0	0.0	0.0	0.0	0.0	0.0	0.0	0.0	0.0	0.0	
JUJ_16495	0.0	0.0	0.0	0.0	0.0	0.0	0.0	0.0	0.0	0.0	18.0	0.0	0.0	9.0	0.0	0.0	0.0	0.0	0.0	0.0	
JUJ_12858	0.0	0.0	0.0	0.0	0.0	0.0	0.0	0.0	0.0	0.0	0.0	0.0	0.0	0.0	0.0	0.0	0.0	0.0	0.0	0.0	
JUJ_2068	0.0	0.0	0.0	0.0	0.0	0.0	0.0	0.0	0.0	0.0	0.0	37.0	0.0	0.0	0.0	0.0	0.0	0.0	0.0	0.0	
JUJ_9853	0.0	0.0	0.0	0.0	0.0	0.0	0.0	0.0	0.0	0.0	0.0	0.0	0.0	0.0	0.0	0.0	0.0	0.0	0.0	0.0	
JUJ_269	0.0	0.0	0.0	0.0	0.0	0.0	0.0	0.0	0.0	0.0	0.0	1.0	3.0	0.0	1.0	0.0	0.0	0.0	0.0	0.0	
JUJ_11556	0.0	0.0	0.0	0.0	0.0	0.0	0.0	0.0	0.0	0.0	0.0	0.0	0.0	0.0	0.0	0.0	0.0	0.0	0.0	0.0	
JUJ_18111	0.0	0.0	0.0	0.0	0.0	0.0	0.0	0.0	0.0	108.0	0.0	0.0	0.0	0.0	0.0	10.0	0.0	0.0	0.0	0.0	
JUJ_1332	0.0	0.0	0.0	0.0	0.0	0.0	0.0	0.0	1.0	0.0	42.0	59.0	64.0	0.0	0.0	31.0	0.0	0.0	0.0	0.0	
JUJ_16730	0.0	0.0	0.0	0.0	0.0	0.0	0.0	0.0	0.0	0.0	0.0	0.0	0.0	0.0	0.0	0.0	0.0	0.0	0.0	0.0	
JUJ_4114	0.0	0.0	0.0	0.0	0.0	0.0	0.0	0.0	0.0	111.0	54.0	0.0	172.0	0.0	2.0	7.0	0.0	0.0	0.0	0.0	
JUJ_1009	0.0	0.0	0.0	0.0	0.0	0.0	0.0	0.0	0.0	0.0	0.0	0.0	0.0	0.0	2.0	0.0	0.0	0.0	0.0	0.0	
JUJ_1707	0.0	0.0	0.0	0.0	0.0	0.0	0.0	0.0	0.0	1.0	0.0	0.0	0.0	0.0	0.0	0.0	0.0	0.0	0.0	0.0	
JUJ_1049	0.0	0.0	0.0	0.0	0.0	0.0	0.0	0.0	56.0	0.0	0.0	12.0	0.0	17.0	5.0	25.0	0.0	0.0	0.0	0.0	
JUJ_17964	0.0	0.0	0.0	0.0	0.0	0.0	0.0	0.0	0.0	0.0	0.0	0.0	0.0	0.0	0.0	0.0	0.0	0.0	0.0	0.0	
JUJ_10837	0.0	0.0	0.0	0.0	0.0	0.0	0.0	0.0	0.0	0.0	0.0	0.0	0.0	0.0	0.0	0.0	0.0	0.0	0.0	0.0	
JUJ_28	0.0	0.0	0.0	0.0	0.0	0.0	0.0	0.0	0.0	0.0	0.0	0.0	0.0	0.0	0.0	0.0	0.0	0.0	0.0	0.0	
JUJ_7649	0.0	0.0	0.0	0.0	0.0	0.0	0.0	0.0	0.0	0.0	0.0	0.0	0.0	0.0	0.0	0.0	0.0	0.0	0.0	0.0	
JUJ_19680	0.0	0.0	0.0	0.0	0.0	0.0	0.0	0.0	0.0	0.0	0.0	0.0	0.0	0.0	500.0	0.0	0.0	0.0	0.0	0.0	
JUJ_13887	0.0	0.0	0.0	0.0	0.0	0.0	0.0	0.0	0.0	0.0	0.0	0.0	0.0	0.0	0.0	0.0	0.0	0.0	0.0	0.0	
JUJ_52	0.0	0.0	0.0	0.0	0.0	0.0	0.0	0.0	0.0	0.0	1.0	0.0	0.0	0.0	2003.0	0.0	0.0	0.0	0.0	0.0	
JUJ_6325	0.0	0.0	0.0	0.0	0.0	0.0	0.0	0.0	0.0	0.0	0.0	0.0	0.0	0.0	0.0	0.0	0.0	0.0	0.0	0.0	
JUJ_8006	0.0	0.0	0.0	0.0	0.0	0.0	0.0	0.0	0.0	0.0	0.0	0.0	0.0	0.0	0.0	0.0	0.0	0.0	0.0	0.0	
JUJ_18023	0.0	0.0	0.0	0.0	0.0	0.0	0.0	0.0	0.0	0.0	1.0	0.0	0.0	0.0	0.0	0.0	0.0	0.0	0.0	0.0	
JUJ_1735	0.0	0.0	0.0	0.0	0.0	0.0	0.0	0.0	0.0	186.0	0.0	0.0	0.0	0.0	1.0	1.0	0.0	0.0	0.0	0.0	
JUJ_2576	0.0	0.0	0.0	0.0	0.0	0.0	0.0	0.0	0.0	0.0	0.0	0.0	0.0	0.0	0.0	0.0	0.0	0.0	0.0	0.0	
JUJ_15145	0.0	0.0	0.0	0.0	0.0	0.0	0.0	0.0	0.0	0.0	22.0	0.0	0.0	4.0	0.0	1.0	0.0	0.0	0.0	0.0	
JUJ_6071	0.0	0.0	0.0	0.0	0.0	0.0	0.0	0.0	0.0	442.0	44.0	567.0	0.0	0.0	1.0	0.0	0.0	0.0	0.0	0.0	
JUJ_6559	0.0	0.0	0.0	0.0	0.0	0.0	0.0	0.0	0.0	0.0	0.0	0.0	0.0	0.0	0.0	0.0	0.0	0.0	0.0	0.0	
JUJ_18088	0.0	0.0	0.0	0.0	0.0	0.0	0.0	0.0	0.0	0.0	0.0	0.0	0.0	0.0	0.0	0.0	0.0	0.0	0.0	0.0	
JUJ_18068	0.0	0.0	0.0	0.0	0.0	0.0	0.0	0.0	0.0	0.0	0.0	0.0	0.0	0.0	0.0	0.0	0.0	0.0	0.0	0.0	
JUJ_18547	0.0	0.0	0.0	0.0	0.0	0.0	0.0	0.0	0.0	0.0	1.0	0.0	0.0	2.0	0.0	6.0	0.0	0.0	0.0	0.0	
JUJ_16558	0.0	0.0	0.0	0.0	0.0	0.0	0.0	0.0	0.0	0.0	9.0	27.0	0.0	0.0	0.0	0.0	0.0	0.0	0.0	0.0	
JUJ_1728	0.0	0.0	0.0	0.0	0.0	0.0	0.0	0.0	0.0	0.0	0.0	0.0	0.0	0.0	0.0	0.0	0.0	0.0	0.0	0.0	
JUJ_4344	0.0	0.0	0.0	0.0	0.0	0.0	0.0	0.0	0.0	0.0	0.0	0.0	0.0	4.0	0.0	0.0	0.0	0.0	0.0	0.0	
JUJ_10807	0.0	0.0	0.0	0.0	0.0	0.0	0.0	0.0	0.0	1.0	0.0	1.0	138.0	0.0	4.0	0.0	0.0	0.0	0.0	0.0	
JUJ_6870	0.0	0.0	0.0	0.0	0.0	0.0	0.0	0.0	0.0	0.0	0.0	0.0	0.0	0.0	0.0	0.0	0.0	0.0	0.0	0.0	
JUJ_16680	0.0	0.0	0.0	0.0	0.0	0.0	0.0	0.0	0.0	0.0	0.0	0.0	0.0	0.0	0.0	0.0	0.0	0.0	0.0	0.0	
JUJ_18882	0.0	0.0	0.0	0.0	0.0	0.0	0.0	0.0	0.0	182.0	104.0	0.0	0.0	0.0	0.0	0.0	0.0	0.0	0.0	0.0	
JUJ_830	0.0	0.0	0.0	0.0	0.0	0.0	0.0	0.0	0.0	0.0	0.0	0.0	0.0	0.0	0.0	0.0	0.0	0.0	0.0	0.0	
JUJ_5657	0.0	0.0	0.0	0.0	0.0	0.0	0.0	0.0	0.0	0.0	0.0	6.0	0.0	0.0	0.0	3.0	0.0	0.0	0.0	0.0	
JUJ_7896	0.0	0.0	0.0	0.0	0.0	0.0	0.0	0.0	0.0	0.0	0.0	1.0	0.0	0.0	0.0	1.0	0.0	0.0	0.0	0.0	
JUJ_4372	0.0	0.0	0.0	0.0	0.0	0.0	0.0	0.0	0.0	0.0	0.0	0.0	0.0	0.0	0.0	0.0	0.0	0.0	0.0	0.0	
JUJ_12444	0.0	0.0	0.0	0.0	0.0	0.0	0.0	0.0	0.0	75.0	136.0	110.0	43.0	1.0	1.0	12.0	0.0	0.0	0.0	0.0	
JUJ_12992	0.0	0.0	0.0	0.0	0.0	0.0	0.0	0.0	0.0	0.0	0.0	0.0	0.0	0.0	0.0	0.0	0.0	0.0	0.0	0.0	
JUJ_1045	0.0	0.0	0.0	0.0	0.0	0.0	0.0	0.0	0.0	0.0	0.0	31.0	0.0	0.0	0.0	0.0	0.0	0.0	0.0	0.0	
JUJ_17237	0.0	0.0	0.0	0.0	0.0	0.0	0.0	0.0	0.0	0.0	0.0	0.0	0.0	0.0	0.0	0.0	0.0	0.0	0.0	0.0	
JUJ_12016	0.0	0.0	0.0	0.0	0.0	0.0	0.0	0.0	9.0	0.0	7.0	77.0	106.0	0.0	0.0	9.0	0.0	0.0	0.0	0.0	
JUJ_1809	0.0	0.0	0.0	0.0	0.0	0.0	0.0	0.0	0.0	0.0	0.0	0.0	0.0	0.0	0.0	77.0	0.0	0.0	0.0	0.0	
JUJ_4444	0.0	0.0	0.0	0.0	0.0	0.0	0.0	0.0	0.0	0.0	0.0	0.0	1.0	0.0	0.0	0.0	0.0	0.0	0.0	0.0	
JUJ_587	0.0	0.0	0.0	0.0	0.0	0.0	0.0	0.0	0.0	0.0	15.0	0.0	0.0	0.0	0.0	0.0	0.0	0.0	0.0	0.0	
JUJ_1043	0.0	0.0	0.0	0.0	0.0	0.0	0.0	0.0	0.0	0.0	0.0	10.0	0.0	0.0	0.0	0.0	0.0	0.0	0.0	0.0	
JUJ_13736	0.0	0.0	0.0	0.0	0.0	0.0	0.0	0.0	0.0	40.0	0.0	0.0	0.0	0.0	0.0	11.0	0.0	0.0	0.0	0.0	
JUJ_4419	0.0	0.0	0.0	0.0	0.0	0.0	0.0	0.0	0.0	1.0	1.0	0.0	14.0	27.0	0.0	4.0	0.0	0.0	0.0	0.0	
JUJ_7667	0.0	0.0	0.0	0.0	0.0	0.0	0.0	0.0	0.0	0.0	0.0	0.0	0.0	0.0	0.0	0.0	0.0	0.0	0.0	0.0	
JUJ_18122	0.0	0.0	0.0	0.0	0.0	0.0	0.0	0.0	0.0	0.0	0.0	24.0	0.0	0.0	0.0	0.0	0.0	0.0	0.0	0.0	
JUJ_6912	0.0	0.0	0.0	0.0	0.0	0.0	0.0	0.0	0.0	0.0	0.0	0.0	1.0	0.0	0.0	6.0	0.0	0.0	0.0	0.0	
JUJ_775	0.0	0.0	0.0	0.0	0.0	0.0	0.0	0.0	0.0	0.0	1.0	1785.0	0.0	0.0	1.0	0.0	0.0	0.0	0.0	0.0	
JUJ_22731	0.0	0.0	0.0	0.0	0.0	0.0	0.0	0.0	0.0	0.0	1.0	0.0	0.0	0.0	4.0	0.0	0.0	0.0	0.0	0.0	
JUJ_7015	0.0	0.0	0.0	0.0	0.0	0.0	0.0	0.0	0.0	0.0	0.0	0.0	0.0	0.0	0.0	0.0	0.0	0.0	0.0	0.0	
JUJ_13758	0.0	0.0	0.0	0.0	0.0	0.0	0.0	0.0	0.0	0.0	13.0	0.0	0.0	0.0	0.0	0.0	0.0	0.0	0.0	0.0	
JUJ_12824	0.0	0.0	0.0	0.0	0.0	0.0	0.0	0.0	0.0	0.0	0.0	0.0	0.0	0.0	0.0	0.0	0.0	0.0	0.0	0.0	
JUJ_14503	0.0	0.0	0.0	0.0	0.0	0.0	0.0	0.0	0.0	99.0	1.0	0.0	0.0	0.0	0.0	0.0	0.0	0.0	0.0	0.0	
JUJ_12820	0.0	0.0	0.0	0.0	0.0	0.0	0.0	0.0	0.0	0.0	1.0	0.0	0.0	0.0	0.0	0.0	0.0	0.0	0.0	0.0	
JUJ_4335	0.0	0.0	0.0	0.0	0.0	0.0	0.0	0.0	0.0	0.0	0.0	0.0	0.0	0.0	0.0	0.0	0.0	0.0	0.0	0.0	
JUJ_1817	0.0	0.0	0.0	0.0	0.0	0.0	0.0	0.0	0.0	0.0	0.0	0.0	0.0	0.0	0.0	0.0	0.0	0.0	0.0	0.0	
JUJ_20313	0.0	0.0	0.0	0.0	0.0	0.0	0.0	0.0	0.0	131.0	0.0	0.0	0.0	0.0	0.0	0.0	0.0	0.0	0.0	0.0	
JUJ_1719	0.0	0.0	0.0	0.0	0.0	0.0	0.0	0.0	0.0	0.0	0.0	0.0	0.0	5.0	0.0	10.0	0.0	0.0	0.0	0.0	
JUJ_407	0.0	0.0	0.0	0.0	0.0	0.0	0.0	0.0	0.0	0.0	0.0	0.0	1.0	0.0	0.0	0.0	0.0	0.0	0.0	0.0	
JUJ_17622	0.0	0.0	0.0	0.0	0.0	0.0	0.0	0.0	0.0	6.0	0.0	0.0	46.0	0.0	0.0	0.0	0.0	0.0	0.0	0.0	
JUJ_6799	0.0	0.0	0.0	0.0	0.0	0.0	0.0	0.0	0.0	1.0	0.0	0.0	0.0	0.0	0.0	0.0	0.0	0.0	0.0	0.0	
JUJ_18046	0.0	0.0	0.0	0.0	0.0	0.0	0.0	0.0	0.0	0.0	13.0	18.0	0.0	5.0	1.0	0.0	0.0	0.0	0.0	0.0	
JUJ_12595	0.0	0.0	0.0	0.0	0.0	0.0	0.0	0.0	0.0	96.0	106.0	97.0	74.0	6.0	0.0	34.0	0.0	0.0	0.0	0.0	
JUJ_7240	0.0	0.0	0.0	0.0	0.0	0.0	0.0	0.0	0.0	0.0	0.0	0.0	0.0	0.0	0.0	0.0	0.0	0.0	0.0	0.0	
JUJ_17980	0.0	0.0	0.0	0.0	0.0	0.0	0.0	0.0	0.0	0.0	0.0	0.0	0.0	0.0	0.0	0.0	0.0	0.0	0.0	0.0	
JUJ_1584	0.0	0.0	0.0	0.0	0.0	0.0	0.0	0.0	0.0	0.0	0.0	0.0	0.0	0.0	0.0	4.0	0.0	0.0	0.0	0.0	
JUJ_12534	0.0	0.0	0.0	0.0	0.0	0.0	0.0	0.0	0.0	40.0	50.0	0.0	0.0	17.0	0.0	0.0	0.0	0.0	0.0	0.0	
JUJ_17452	0.0	0.0	0.0	0.0	0.0	0.0	0.0	0.0	0.0	0.0	0.0	1.0	0.0	0.0	0.0	0.0	0.0	0.0	0.0	0.0	
JUJ_18267	0.0	0.0	0.0	0.0	0.0	0.0	0.0	0.0	0.0	0.0	0.0	0.0	0.0	0.0	0.0	0.0	0.0	0.0	0.0	0.0	
JUJ_10800	0.0	0.0	0.0	0.0	0.0	0.0	0.0	0.0	0.0	0.0	0.0	0.0	0.0	1.0	0.0	0.0	0.0	0.0	0.0	0.0	
JUJ_1724	0.0	0.0	0.0	0.0	0.0	0.0	0.0	0.0	0.0	0.0	0.0	0.0	0.0	0.0	0.0	0.0	0.0	0.0	0.0	0.0	
JUJ_23552	0.0	0.0	0.0	0.0	0.0	0.0	0.0	0.0	0.0	0.0	0.0	0.0	0.0	0.0	0.0	0.0	0.0	0.0	0.0	0.0	
JUJ_15695	0.0	0.0	0.0	0.0	0.0	0.0	0.0	0.0	0.0	0.0	0.0	0.0	0.0	0.0	0.0	0.0	0.0	0.0	0.0	0.0	
JUJ_217	0.0	0.0	0.0	0.0	0.0	0.0	0.0	0.0	0.0	0.0	222.0	0.0	0.0	0.0	0.0	5.0	0.0	0.0	0.0	0.0	
JUJ_18323	0.0	0.0	0.0	0.0	0.0	0.0	0.0	0.0	0.0	0.0	0.0	0.0	0.0	0.0	0.0	0.0	0.0	0.0	0.0	0.0	
JUJ_14737	0.0	0.0	0.0	0.0	0.0	0.0	0.0	0.0	0.0	0.0	0.0	16.0	0.0	0.0	2.0	0.0	0.0	0.0	0.0	0.0	
JUJ_11560	0.0	0.0	0.0	0.0	0.0	0.0	0.0	0.0	0.0	0.0	0.0	0.0	0.0	0.0	0.0	10.0	0.0	0.0	0.0	0.0	
JUJ_18567	0.0	0.0	0.0	0.0	0.0	0.0	0.0	0.0	0.0	0.0	0.0	0.0	0.0	0.0	0.0	0.0	0.0	0.0	0.0	0.0	
JUJ_15149	0.0	0.0	0.0	0.0	0.0	0.0	0.0	0.0	0.0	0.0	1.0	0.0	0.0	0.0	0.0	0.0	0.0	0.0	0.0	0.0	
JUJ_11549	0.0	0.0	0.0	0.0	0.0	0.0	0.0	0.0	0.0	119.0	0.0	0.0	0.0	0.0	0.0	0.0	0.0	0.0	0.0	0.0	
JUJ_19493	0.0	0.0	0.0	0.0	0.0	0.0	0.0	0.0	0.0	2.0	6.0	0.0	0.0	0.0	130.0	0.0	0.0	0.0	0.0	0.0	
JUJ_40	0.0	0.0	0.0	0.0	0.0	0.0	0.0	0.0	0.0	0.0	0.0	0.0	0.0	0.0	1955.0	0.0	0.0	0.0	0.0	0.0	
JUJ_16612	0.0	0.0	0.0	0.0	0.0	0.0	0.0	0.0	0.0	0.0	0.0	0.0	0.0	0.0	0.0	0.0	0.0	0.0	0.0	0.0	
JUJ_1715	0.0	0.0	0.0	0.0	0.0	0.0	0.0	0.0	0.0	3.0	197.0	14.0	1.0	0.0	0.0	0.0	0.0	0.0	0.0	0.0	
JUJ_1324	0.0	0.0	0.0	0.0	0.0	0.0	0.0	0.0	0.0	0.0	0.0	0.0	0.0	0.0	0.0	0.0	0.0	0.0	0.0	0.0	
JUJ_18113	0.0	0.0	0.0	0.0	0.0	0.0	0.0	0.0	0.0	0.0	0.0	97.0	0.0	0.0	0.0	13.0	0.0	0.0	0.0	0.0	
JUJ_9148	0.0	0.0	0.0	0.0	0.0	0.0	0.0	0.0	0.0	0.0	0.0	1.0	0.0	0.0	0.0	0.0	0.0	0.0	0.0	0.0	
JUJ_6877	0.0	0.0	0.0	0.0	0.0	0.0	0.0	0.0	0.0	0.0	0.0	0.0	0.0	0.0	0.0	0.0	0.0	0.0	0.0	0.0	
JUJ_1908	0.0	0.0	0.0	0.0	0.0	0.0	0.0	0.0	0.0	6.0	0.0	37.0	0.0	0.0	1.0	4.0	0.0	0.0	0.0	0.0	
JUJ_16656	0.0	0.0	0.0	0.0	0.0	0.0	0.0	0.0	0.0	0.0	0.0	0.0	0.0	0.0	0.0	0.0	0.0	0.0	0.0	0.0	
JUJ_6959	0.0	0.0	0.0	0.0	0.0	0.0	0.0	0.0	0.0	0.0	0.0	1.0	0.0	0.0	0.0	0.0	0.0	0.0	0.0	0.0	
JUJ_229	0.0	0.0	0.0	0.0	0.0	0.0	0.0	0.0	0.0	0.0	0.0	1.0	0.0	0.0	0.0	0.0	0.0	0.0	0.0	0.0	
JUJ_9752	0.0	0.0	0.0	0.0	0.0	0.0	0.0	0.0	0.0	0.0	0.0	0.0	0.0	0.0	0.0	0.0	0.0	0.0	0.0	0.0	
JUJ_10721	0.0	0.0	0.0	0.0	0.0	0.0	0.0	0.0	0.0	0.0	0.0	0.0	0.0	0.0	0.0	0.0	0.0	0.0	0.0	0.0	
JUJ_14398	0.0	0.0	0.0	0.0	0.0	0.0	0.0	0.0	0.0	0.0	0.0	0.0	0.0	0.0	0.0	0.0	0.0	0.0	0.0	0.0	
JUJ_12596	0.0	0.0	0.0	0.0	0.0	0.0	0.0	0.0	0.0	394.0	0.0	0.0	0.0	0.0	0.0	0.0	0.0	0.0	0.0	0.0	
JUJ_1718	0.0	0.0	0.0	0.0	0.0	0.0	0.0	0.0	0.0	0.0	0.0	0.0	0.0	0.0	0.0	0.0	0.0	0.0	0.0	0.0	
JUJ_1583	0.0	0.0	0.0	0.0	0.0	0.0	0.0	0.0	0.0	0.0	0.0	0.0	0.0	0.0	0.0	0.0	0.0	0.0	0.0	0.0	
JUJ_18115	0.0	0.0	0.0	0.0	0.0	0.0	0.0	0.0	0.0	0.0	0.0	12.0	0.0	0.0	0.0	1.0	0.0	0.0	0.0	0.0	
JUJ_8268	0.0	0.0	0.0	0.0	0.0	0.0	0.0	0.0	0.0	0.0	0.0	0.0	0.0	62.0	0.0	0.0	0.0	0.0	0.0	0.0	
JUJ_2049	0.0	0.0	0.0	0.0	0.0	0.0	0.0	0.0	0.0	0.0	0.0	0.0	0.0	0.0	0.0	0.0	0.0	0.0	0.0	0.0	
JUJ_17958	0.0	0.0	0.0	0.0	0.0	0.0	0.0	0.0	0.0	0.0	0.0	0.0	0.0	0.0	0.0	0.0	0.0	0.0	0.0	0.0	
JUJ_13710	0.0	0.0	0.0	0.0	0.0	0.0	0.0	0.0	0.0	0.0	1.0	2.0	0.0	0.0	0.0	0.0	0.0	0.0	0.0	0.0	
JUJ_11156	0.0	0.0	0.0	0.0	0.0	0.0	0.0	0.0	0.0	0.0	0.0	0.0	0.0	0.0	0.0	0.0	0.0	0.0	0.0	0.0	
JUJ_17920	0.0	0.0	0.0	0.0	0.0	0.0	0.0	0.0	0.0	0.0	0.0	0.0	0.0	0.0	0.0	0.0	0.0	0.0	0.0	0.0	
JUJ_6802	0.0	0.0	0.0	0.0	0.0	0.0	0.0	0.0	0.0	0.0	0.0	0.0	0.0	0.0	0.0	0.0	0.0	0.0	0.0	0.0	
JUJ_9751	0.0	0.0	0.0	0.0	0.0	0.0	0.0	0.0	0.0	0.0	0.0	0.0	0.0	0.0	0.0	0.0	0.0	0.0	0.0	0.0	
JUJ_12823	0.0	0.0	0.0	0.0	0.0	0.0	0.0	0.0	0.0	0.0	0.0	17.0	0.0	0.0	0.0	0.0	0.0	0.0	0.0	0.0	
JUJ_11888	0.0	0.0	0.0	0.0	0.0	0.0	0.0	0.0	1.0	108.0	0.0	20.0	6.0	0.0	3.0	0.0	0.0	0.0	0.0	0.0	
JUJ_6903	0.0	0.0	0.0	0.0	0.0	0.0	0.0	0.0	0.0	0.0	0.0	0.0	0.0	0.0	0.0	0.0	0.0	0.0	0.0	0.0	
JUJ_14328	0.0	0.0	0.0	0.0	0.0	0.0	0.0	0.0	0.0	0.0	0.0	0.0	0.0	0.0	0.0	0.0	0.0	0.0	0.0	0.0	
JUJ_23331	0.0	0.0	0.0	0.0	0.0	0.0	0.0	0.0	0.0	58.0	270.0	14.0	0.0	0.0	0.0	0.0	0.0	0.0	0.0	0.0	
JUJ_1742	0.0	0.0	0.0	0.0	0.0	0.0	0.0	0.0	0.0	22.0	1.0	0.0	0.0	0.0	0.0	0.0	0.0	0.0	0.0	0.0	
JUJ_11480	0.0	0.0	0.0	0.0	0.0	0.0	0.0	0.0	0.0	0.0	0.0	0.0	0.0	6.0	0.0	0.0	0.0	0.0	0.0	0.0	
JUJ_7230	0.0	0.0	0.0	0.0	0.0	0.0	0.0	0.0	0.0	0.0	0.0	0.0	0.0	5.0	0.0	0.0	0.0	0.0	0.0	0.0	
JUJ_9740	0.0	0.0	0.0	0.0	0.0	0.0	0.0	0.0	0.0	0.0	23.0	0.0	0.0	0.0	0.0	0.0	0.0	0.0	0.0	0.0	
JUJ_20954	0.0	0.0	0.0	0.0	0.0	0.0	0.0	0.0	0.0	0.0	0.0	0.0	0.0	0.0	0.0	0.0	0.0	0.0	0.0	0.0	
JUJ_15181	0.0	0.0	0.0	0.0	0.0	0.0	0.0	0.0	0.0	0.0	0.0	0.0	1.0	0.0	0.0	0.0	0.0	0.0	0.0	0.0	
JUJ_18128	0.0	0.0	0.0	0.0	0.0	0.0	0.0	0.0	0.0	0.0	0.0	0.0	0.0	0.0	0.0	0.0	0.0	0.0	0.0	0.0	
JUJ_18244	0.0	0.0	0.0	0.0	0.0	0.0	0.0	0.0	0.0	0.0	0.0	43.0	0.0	0.0	0.0	0.0	0.0	0.0	0.0	0.0	
JUJ_6828	0.0	0.0	0.0	0.0	0.0	0.0	0.0	0.0	0.0	0.0	0.0	0.0	0.0	0.0	0.0	0.0	0.0	0.0	0.0	0.0	
JUJ_12797	0.0	0.0	0.0	0.0	0.0	0.0	0.0	0.0	0.0	1.0	2.0	0.0	0.0	0.0	0.0	0.0	0.0	0.0	0.0	0.0	
JUJ_16675	0.0	0.0	0.0	0.0	0.0	0.0	0.0	0.0	0.0	0.0	0.0	0.0	0.0	0.0	0.0	0.0	0.0	0.0	0.0	0.0	
JUJ_14392	0.0	0.0	0.0	0.0	0.0	0.0	0.0	0.0	0.0	0.0	1.0	0.0	0.0	0.0	0.0	0.0	0.0	0.0	0.0	0.0	
JUJ_1768	0.0	0.0	0.0	0.0	0.0	0.0	0.0	0.0	0.0	33.0	0.0	0.0	0.0	0.0	0.0	0.0	0.0	0.0	0.0	0.0	
JUJ_8612	0.0	0.0	0.0	0.0	0.0	0.0	0.0	0.0	0.0	0.0	0.0	0.0	0.0	0.0	0.0	0.0	0.0	0.0	0.0	0.0	
JUJ_14291	0.0	0.0	0.0	0.0	0.0	0.0	0.0	0.0	0.0	55.0	0.0	59.0	0.0	0.0	1.0	13.0	0.0	0.0	0.0	0.0	
JUJ_4422	0.0	0.0	0.0	0.0	0.0	0.0	0.0	0.0	0.0	0.0	0.0	0.0	0.0	0.0	0.0	0.0	0.0	0.0	0.0	0.0	
JUJ_1741	0.0	0.0	0.0	0.0	0.0	0.0	0.0	0.0	0.0	0.0	0.0	0.0	0.0	0.0	0.0	0.0	0.0	0.0	0.0	0.0	
JUJ_11453	0.0	0.0	0.0	0.0	0.0	0.0	0.0	0.0	0.0	0.0	0.0	0.0	0.0	0.0	0.0	0.0	0.0	0.0	0.0	0.0	
JUJ_7050	0.0	0.0	0.0	0.0	0.0	0.0	0.0	0.0	0.0	0.0	0.0	0.0	0.0	0.0	0.0	0.0	0.0	0.0	0.0	0.0	
JUJ_18628	0.0	0.0	0.0	0.0	0.0	0.0	0.0	0.0	0.0	0.0	0.0	20.0	0.0	0.0	0.0	0.0	0.0	0.0	0.0	0.0	
JUJ_13718	0.0	0.0	0.0	0.0	0.0	0.0	0.0	0.0	0.0	194.0	0.0	0.0	0.0	0.0	0.0	0.0	0.0	0.0	0.0	0.0	
JUJ_1836	0.0	0.0	0.0	0.0	0.0	0.0	0.0	0.0	0.0	0.0	0.0	0.0	1.0	0.0	0.0	0.0	0.0	0.0	0.0	0.0	
JUJ_699	0.0	0.0	0.0	0.0	0.0	0.0	0.0	0.0	0.0	0.0	0.0	0.0	0.0	0.0	0.0	0.0	0.0	0.0	0.0	0.0	
JUJ_21006	0.0	0.0	0.0	0.0	0.0	0.0	0.0	0.0	0.0	0.0	66.0	18.0	0.0	33.0	0.0	0.0	0.0	0.0	0.0	0.0	
JUJ_12205	0.0	0.0	0.0	0.0	0.0	0.0	0.0	0.0	0.0	29.0	27.0	4.0	38.0	1.0	0.0	12.0	0.0	0.0	0.0	0.0	
JUJ_4417	0.0	0.0	0.0	0.0	0.0	0.0	0.0	0.0	0.0	0.0	0.0	0.0	0.0	0.0	0.0	0.0	0.0	0.0	0.0	0.0	
JUJ_12815	0.0	0.0	0.0	0.0	0.0	0.0	0.0	0.0	0.0	0.0	2.0	295.0	0.0	0.0	0.0	3.0	0.0	0.0	0.0	0.0	
JUJ_18101	0.0	0.0	0.0	0.0	0.0	0.0	0.0	0.0	0.0	0.0	0.0	107.0	0.0	0.0	0.0	0.0	0.0	0.0	0.0	0.0	
JUJ_1757	0.0	0.0	0.0	0.0	0.0	0.0	0.0	0.0	0.0	0.0	0.0	0.0	0.0	0.0	0.0	0.0	0.0	0.0	0.0	0.0	
JUJ_12841	0.0	0.0	0.0	0.0	0.0	0.0	0.0	0.0	0.0	0.0	0.0	0.0	0.0	0.0	0.0	0.0	0.0	0.0	0.0	0.0	
JUJ_1999	0.0	0.0	0.0	0.0	0.0	0.0	0.0	0.0	0.0	0.0	0.0	0.0	0.0	0.0	0.0	0.0	0.0	0.0	0.0	0.0	
JUJ_18181	0.0	0.0	0.0	0.0	0.0	0.0	0.0	0.0	0.0	0.0	0.0	0.0	0.0	0.0	0.0	0.0	0.0	0.0	0.0	0.0	
JUJ_13272	0.0	0.0	0.0	0.0	0.0	0.0	0.0	0.0	0.0	0.0	0.0	0.0	0.0	0.0	0.0	0.0	0.0	0.0	0.0	0.0	
JUJ_6186	0.0	0.0	0.0	0.0	0.0	0.0	0.0	0.0	0.0	0.0	0.0	0.0	0.0	1.0	0.0	0.0	0.0	0.0	0.0	0.0	
JUJ_4338	0.0	0.0	0.0	0.0	0.0	0.0	0.0	0.0	0.0	0.0	0.0	0.0	0.0	0.0	0.0	2.0	0.0	0.0	0.0	0.0	
JUJ_12843	0.0	0.0	0.0	0.0	0.0	0.0	0.0	0.0	0.0	0.0	0.0	0.0	0.0	0.0	0.0	0.0	0.0	0.0	0.0	0.0	
JUJ_11023	0.0	0.0	0.0	0.0	0.0	0.0	0.0	0.0	0.0	0.0	0.0	0.0	0.0	0.0	0.0	0.0	0.0	0.0	0.0	0.0	
JUJ_17403	0.0	0.0	0.0	0.0	0.0	0.0	0.0	0.0	0.0	0.0	0.0	0.0	0.0	0.0	0.0	0.0	0.0	0.0	0.0	0.0	
JUJ_20399	0.0	0.0	0.0	0.0	0.0	0.0	0.0	0.0	0.0	0.0	0.0	1.0	0.0	0.0	1.0	0.0	0.0	0.0	0.0	0.0	
JUJ_18415	0.0	0.0	0.0	0.0	0.0	0.0	0.0	0.0	0.0	0.0	0.0	0.0	0.0	0.0	0.0	0.0	0.0	0.0	0.0	0.0	
JUJ_1712	0.0	0.0	0.0	0.0	0.0	0.0	0.0	0.0	0.0	0.0	19.0	0.0	0.0	0.0	0.0	1.0	0.0	0.0	0.0	0.0	
JUJ_18208	0.0	0.0	0.0	0.0	0.0	0.0	0.0	0.0	0.0	0.0	0.0	0.0	0.0	0.0	0.0	0.0	0.0	0.0	0.0	0.0	
JUJ_5674	0.0	0.0	0.0	0.0	0.0	0.0	0.0	0.0	0.0	0.0	0.0	1.0	0.0	0.0	0.0	3.0	0.0	0.0	0.0	0.0	
JUJ_18645	0.0	0.0	0.0	0.0	0.0	0.0	0.0	0.0	0.0	0.0	0.0	0.0	0.0	0.0	0.0	0.0	0.0	0.0	0.0	0.0	
JUJ_21532	0.0	0.0	0.0	0.0	0.0	0.0	0.0	0.0	0.0	0.0	0.0	0.0	0.0	0.0	0.0	0.0	0.0	0.0	0.0	0.0	
JUJ_1802	0.0	0.0	0.0	0.0	0.0	0.0	0.0	0.0	0.0	0.0	0.0	0.0	0.0	0.0	0.0	2.0	0.0	0.0	0.0	0.0	
JUJ_17616	0.0	0.0	0.0	0.0	0.0	0.0	0.0	0.0	0.0	0.0	0.0	0.0	0.0	0.0	0.0	0.0	0.0	0.0	0.0	0.0	
JUJ_11250	0.0	0.0	0.0	0.0	0.0	0.0	0.0	0.0	0.0	0.0	0.0	0.0	0.0	0.0	0.0	0.0	0.0	0.0	0.0	0.0	
JUJ_12717	0.0	0.0	0.0	0.0	0.0	0.0	0.0	0.0	0.0	19.0	0.0	22.0	1.0	53.0	0.0	0.0	0.0	0.0	0.0	0.0	
JUJ_3312	0.0	0.0	0.0	0.0	0.0	0.0	0.0	0.0	0.0	0.0	4.0	9.0	0.0	0.0	229.0	1.0	0.0	0.0	0.0	0.0	
JUJ_4362	0.0	0.0	0.0	0.0	0.0	0.0	0.0	0.0	0.0	0.0	0.0	0.0	0.0	0.0	0.0	0.0	0.0	0.0	0.0	0.0	
JUJ_19558	0.0	0.0	0.0	0.0	0.0	0.0	0.0	0.0	0.0	0.0	37.0	28.0	0.0	24.0	0.0	0.0	0.0	0.0	0.0	0.0	
JUJ_1893	0.0	0.0	0.0	0.0	0.0	0.0	0.0	0.0	0.0	0.0	0.0	0.0	64.0	0.0	0.0	0.0	0.0	0.0	0.0	0.0	
JUJ_10791	0.0	0.0	0.0	0.0	0.0	0.0	0.0	0.0	0.0	2.0	0.0	33.0	0.0	0.0	0.0	1.0	0.0	0.0	0.0	0.0	
JUJ_1885	0.0	0.0	0.0	0.0	0.0	0.0	0.0	0.0	0.0	0.0	0.0	0.0	0.0	0.0	0.0	0.0	0.0	0.0	0.0	0.0	
JUJ_7286	0.0	0.0	0.0	0.0	0.0	0.0	0.0	0.0	0.0	0.0	0.0	0.0	0.0	0.0	0.0	0.0	0.0	0.0	0.0	0.0	
JUJ_22525	0.0	0.0	0.0	0.0	0.0	0.0	0.0	0.0	0.0	0.0	5.0	0.0	0.0	0.0	8.0	1.0	0.0	0.0	0.0	0.0	
JUJ_288	0.0	0.0	0.0	0.0	0.0	0.0	0.0	0.0	0.0	0.0	0.0	0.0	1.0	0.0	0.0	0.0	0.0	0.0	0.0	0.0	
JUJ_3734	0.0	0.0	0.0	0.0	0.0	0.0	0.0	0.0	0.0	14.0	0.0	2.0	1.0	0.0	1.0	0.0	0.0	0.0	0.0	0.0	
JUJ_16627	0.0	0.0	0.0	0.0	0.0	0.0	0.0	0.0	0.0	0.0	0.0	0.0	0.0	0.0	2.0	0.0	0.0	0.0	0.0	0.0	
JUJ_1784	0.0	0.0	0.0	0.0	0.0	0.0	0.0	0.0	0.0	0.0	0.0	1.0	0.0	0.0	0.0	0.0	0.0	0.0	0.0	0.0	
JUJ_16626	0.0	0.0	0.0	0.0	0.0	0.0	0.0	0.0	0.0	0.0	0.0	0.0	0.0	61.0	0.0	1.0	0.0	0.0	0.0	0.0	
JUJ_2023	0.0	0.0	0.0	0.0	0.0	0.0	0.0	0.0	0.0	5.0	0.0	0.0	0.0	0.0	0.0	0.0	0.0	0.0	0.0	0.0	
JUJ_5974	0.0	0.0	0.0	0.0	0.0	0.0	0.0	0.0	0.0	0.0	0.0	0.0	0.0	0.0	0.0	0.0	0.0	0.0	0.0	0.0	
JUJ_11593	0.0	0.0	0.0	0.0	0.0	0.0	0.0	0.0	0.0	0.0	202.0	0.0	0.0	52.0	1.0	1.0	0.0	0.0	0.0	0.0	
JUJ_18157	0.0	0.0	0.0	0.0	0.0	0.0	0.0	0.0	0.0	0.0	0.0	0.0	0.0	0.0	0.0	0.0	0.0	0.0	0.0	0.0	
JUJ_4452	0.0	0.0	0.0	0.0	0.0	0.0	0.0	0.0	0.0	0.0	0.0	0.0	0.0	0.0	0.0	0.0	0.0	0.0	0.0	0.0	
JUJ_7003	0.0	0.0	0.0	0.0	0.0	0.0	0.0	0.0	0.0	0.0	0.0	0.0	0.0	0.0	0.0	0.0	0.0	0.0	0.0	0.0	
JUJ_783	0.0	0.0	0.0	0.0	0.0	0.0	0.0	0.0	0.0	0.0	3.0	11.0	18.0	205.0	0.0	1.0	0.0	0.0	0.0	0.0	
JUJ_2157	0.0	0.0	0.0	0.0	0.0	0.0	0.0	0.0	0.0	0.0	0.0	0.0	0.0	0.0	0.0	0.0	0.0	0.0	0.0	0.0	
JUJ_17954	0.0	0.0	0.0	0.0	0.0	0.0	0.0	0.0	0.0	0.0	0.0	0.0	0.0	0.0	0.0	0.0	0.0	0.0	0.0	0.0	
JUJ_305	0.0	0.0	0.0	0.0	0.0	0.0	0.0	0.0	0.0	0.0	0.0	0.0	0.0	0.0	0.0	0.0	0.0	0.0	0.0	0.0	
JUJ_1798	0.0	0.0	0.0	0.0	0.0	0.0	0.0	0.0	0.0	244.0	5.0	20.0	0.0	0.0	0.0	4.0	0.0	0.0	0.0	0.0	
JUJ_17434	0.0	0.0	0.0	0.0	0.0	0.0	0.0	0.0	5.0	0.0	92.0	0.0	0.0	0.0	0.0	0.0	0.0	0.0	0.0	0.0	
JUJ_10752	0.0	0.0	0.0	0.0	0.0	0.0	0.0	0.0	0.0	0.0	0.0	0.0	0.0	0.0	0.0	0.0	0.0	0.0	0.0	0.0	
JUJ_19340	0.0	0.0	0.0	0.0	0.0	0.0	0.0	0.0	0.0	0.0	0.0	0.0	0.0	0.0	0.0	0.0	0.0	0.0	0.0	0.0	
JUJ_12793	0.0	0.0	0.0	0.0	0.0	0.0	0.0	0.0	0.0	2.0	8.0	107.0	0.0	5.0	0.0	2.0	0.0	0.0	0.0	0.0	
JUJ_6861	0.0	0.0	0.0	0.0	0.0	0.0	0.0	0.0	0.0	0.0	0.0	0.0	0.0	1.0	0.0	0.0	0.0	0.0	0.0	0.0	
JUJ_15152	0.0	0.0	0.0	0.0	0.0	0.0	0.0	0.0	0.0	0.0	0.0	0.0	0.0	0.0	0.0	0.0	0.0	0.0	0.0	0.0	
JUJ_1816	0.0	0.0	0.0	0.0	0.0	0.0	0.0	0.0	0.0	0.0	0.0	0.0	1.0	0.0	0.0	0.0	0.0	0.0	0.0	0.0	
JUJ_6553	0.0	0.0	0.0	0.0	0.0	0.0	0.0	0.0	0.0	0.0	0.0	0.0	0.0	0.0	0.0	0.0	0.0	0.0	0.0	0.0	
JUJ_12808	0.0	0.0	0.0	0.0	0.0	0.0	0.0	0.0	0.0	145.0	0.0	0.0	1.0	0.0	0.0	7.0	0.0	0.0	0.0	0.0	
JUJ_6790	0.0	0.0	0.0	0.0	0.0	0.0	0.0	0.0	0.0	0.0	1.0	0.0	0.0	0.0	0.0	0.0	0.0	0.0	0.0	0.0	
JUJ_18011	0.0	0.0	0.0	0.0	0.0	0.0	0.0	0.0	0.0	0.0	1.0	0.0	0.0	0.0	0.0	0.0	0.0	0.0	0.0	0.0	
JUJ_12879	0.0	0.0	0.0	0.0	0.0	0.0	0.0	0.0	0.0	1.0	2.0	3.0	0.0	0.0	0.0	0.0	0.0	0.0	0.0	0.0	
JUJ_15292	0.0	0.0	0.0	0.0	0.0	0.0	0.0	0.0	0.0	0.0	21.0	61.0	61.0	0.0	0.0	0.0	0.0	0.0	0.0	0.0	
JUJ_12381	0.0	0.0	0.0	0.0	0.0	0.0	0.0	0.0	0.0	0.0	0.0	0.0	0.0	0.0	0.0	0.0	0.0	0.0	0.0	0.0	
JUJ_13771	0.0	0.0	0.0	0.0	0.0	0.0	0.0	0.0	0.0	0.0	0.0	0.0	0.0	0.0	0.0	0.0	0.0	0.0	0.0	0.0	
JUJ_7024	0.0	0.0	0.0	0.0	0.0	0.0	0.0	0.0	0.0	0.0	0.0	0.0	0.0	0.0	0.0	0.0	0.0	0.0	0.0	0.0	
JUJ_1751	0.0	0.0	0.0	0.0	0.0	0.0	0.0	0.0	0.0	0.0	0.0	0.0	0.0	0.0	0.0	0.0	0.0	0.0	0.0	0.0	
JUJ_1738	0.0	0.0	0.0	0.0	0.0	0.0	0.0	0.0	0.0	0.0	0.0	13.0	3.0	0.0	0.0	0.0	0.0	0.0	0.0	0.0	
JUJ_12834	0.0	0.0	0.0	0.0	0.0	0.0	0.0	0.0	0.0	0.0	0.0	0.0	0.0	0.0	0.0	0.0	0.0	0.0	0.0	0.0	
JUJ_14376	0.0	0.0	0.0	0.0	0.0	0.0	0.0	0.0	0.0	0.0	87.0	0.0	0.0	0.0	241.0	0.0	0.0	0.0	0.0	0.0	
JUJ_13864	0.0	0.0	0.0	0.0	0.0	0.0	0.0	0.0	0.0	0.0	0.0	0.0	0.0	0.0	0.0	0.0	0.0	0.0	0.0	0.0	
JUJ_8174	0.0	0.0	0.0	0.0	0.0	0.0	0.0	0.0	0.0	0.0	0.0	0.0	0.0	0.0	0.0	0.0	0.0	0.0	0.0	0.0	
JUJ_1852	0.0	0.0	0.0	0.0	0.0	0.0	0.0	0.0	0.0	0.0	0.0	0.0	0.0	0.0	0.0	0.0	0.0	0.0	0.0	0.0	
JUJ_19157	0.0	0.0	0.0	0.0	0.0	0.0	0.0	0.0	0.0	0.0	0.0	0.0	0.0	0.0	0.0	0.0	0.0	0.0	0.0	0.0	
JUJ_13590	0.0	0.0	0.0	0.0	0.0	0.0	0.0	0.0	0.0	0.0	14.0	0.0	0.0	0.0	0.0	0.0	0.0	0.0	0.0	0.0	
JUJ_18114	0.0	0.0	0.0	0.0	0.0	0.0	0.0	0.0	0.0	11.0	0.0	0.0	0.0	0.0	0.0	0.0	0.0	0.0	0.0	0.0	
JUJ_15987	0.0	0.0	0.0	0.0	0.0	0.0	0.0	0.0	3.0	1.0	0.0	0.0	0.0	0.0	0.0	0.0	0.0	0.0	0.0	0.0	
JUJ_17898	0.0	0.0	0.0	0.0	0.0	0.0	0.0	0.0	0.0	0.0	0.0	12.0	9.0	0.0	0.0	1.0	0.0	0.0	0.0	0.0	
JUJ_11702	0.0	0.0	0.0	0.0	0.0	0.0	0.0	0.0	0.0	0.0	0.0	0.0	0.0	0.0	0.0	0.0	0.0	0.0	0.0	0.0	
JUJ_12807	0.0	0.0	0.0	0.0	0.0	0.0	0.0	0.0	0.0	0.0	0.0	8.0	0.0	0.0	0.0	0.0	0.0	0.0	0.0	0.0	
JUJ_17115	0.0	0.0	0.0	0.0	0.0	0.0	0.0	0.0	0.0	0.0	0.0	0.0	0.0	0.0	0.0	0.0	0.0	0.0	0.0	0.0	
JUJ_2227	0.0	0.0	0.0	0.0	0.0	0.0	0.0	0.0	0.0	0.0	0.0	0.0	22.0	0.0	0.0	0.0	0.0	0.0	0.0	0.0	
JUJ_20047	0.0	0.0	0.0	0.0	0.0	0.0	0.0	0.0	0.0	0.0	38.0	40.0	0.0	0.0	0.0	0.0	0.0	0.0	0.0	0.0	
JUJ_21192	0.0	0.0	0.0	0.0	0.0	0.0	0.0	0.0	0.0	0.0	10.0	0.0	0.0	0.0	1.0	0.0	0.0	0.0	0.0	0.0	
JUJ_18270	0.0	0.0	0.0	0.0	0.0	0.0	0.0	0.0	0.0	0.0	0.0	0.0	0.0	0.0	0.0	0.0	0.0	0.0	0.0	0.0	
JUJ_5663	0.0	0.0	0.0	0.0	0.0	0.0	0.0	0.0	0.0	0.0	1.0	0.0	0.0	0.0	54.0	0.0	0.0	0.0	0.0	0.0	
JUJ_4450	0.0	0.0	0.0	0.0	0.0	0.0	0.0	0.0	0.0	0.0	0.0	0.0	0.0	0.0	0.0	0.0	0.0	0.0	0.0	0.0	
JUJ_12795	0.0	0.0	0.0	0.0	0.0	0.0	0.0	0.0	345.0	94.0	0.0	0.0	0.0	0.0	1.0	12.0	0.0	0.0	0.0	0.0	
JUJ_12619	0.0	0.0	0.0	0.0	0.0	0.0	0.0	0.0	0.0	1.0	0.0	0.0	9.0	0.0	0.0	0.0	0.0	0.0	0.0	0.0	
JUJ_1434	0.0	0.0	0.0	0.0	0.0	0.0	0.0	0.0	0.0	0.0	0.0	0.0	0.0	0.0	0.0	0.0	0.0	0.0	0.0	0.0	
JUJ_1711	0.0	0.0	0.0	0.0	0.0	0.0	0.0	0.0	0.0	13.0	5.0	3.0	7.0	3.0	2.0	0.0	0.0	0.0	0.0	0.0	
JUJ_295	0.0	0.0	0.0	0.0	0.0	0.0	0.0	0.0	0.0	2.0	2.0	21.0	0.0	0.0	1.0	0.0	0.0	0.0	0.0	0.0	
JUJ_6894	0.0	0.0	0.0	0.0	0.0	0.0	0.0	0.0	0.0	0.0	0.0	0.0	0.0	0.0	0.0	0.0	0.0	0.0	0.0	0.0	
JUJ_7104	0.0	0.0	0.0	0.0	0.0	0.0	0.0	0.0	0.0	0.0	0.0	0.0	0.0	15.0	0.0	0.0	0.0	0.0	0.0	0.0	
JUJ_4436	0.0	0.0	0.0	0.0	0.0	0.0	0.0	0.0	0.0	0.0	0.0	0.0	0.0	1.0	0.0	0.0	0.0	0.0	0.0	0.0	
JUJ_20848	0.0	0.0	0.0	0.0	0.0	0.0	0.0	0.0	0.0	0.0	0.0	0.0	0.0	0.0	0.0	0.0	0.0	0.0	0.0	0.0	
JUJ_12812	0.0	0.0	0.0	0.0	0.0	0.0	0.0	0.0	0.0	0.0	0.0	8.0	0.0	0.0	0.0	0.0	0.0	0.0	0.0	0.0	
JUJ_5658	0.0	0.0	0.0	0.0	0.0	0.0	0.0	0.0	0.0	0.0	0.0	3.0	0.0	0.0	0.0	0.0	0.0	0.0	0.0	0.0	
JUJ_15151	0.0	0.0	0.0	0.0	0.0	0.0	0.0	0.0	0.0	0.0	0.0	2.0	0.0	0.0	0.0	0.0	0.0	0.0	0.0	0.0	
JUJ_15330	0.0	0.0	0.0	0.0	0.0	0.0	0.0	0.0	0.0	0.0	0.0	0.0	2.0	0.0	0.0	0.0	0.0	0.0	0.0	0.0	
JUJ_1097	0.0	0.0	0.0	0.0	0.0	0.0	0.0	0.0	246.0	0.0	0.0	0.0	0.0	0.0	0.0	0.0	0.0	0.0	0.0	0.0	
JUJ_19424	0.0	0.0	0.0	0.0	0.0	0.0	0.0	0.0	0.0	0.0	0.0	0.0	0.0	0.0	0.0	0.0	0.0	0.0	0.0	0.0	
JUJ_21067	0.0	0.0	0.0	0.0	0.0	0.0	0.0	0.0	0.0	0.0	0.0	0.0	0.0	0.0	0.0	0.0	0.0	0.0	0.0	0.0	
JUJ_9856	0.0	0.0	0.0	0.0	0.0	0.0	0.0	0.0	0.0	0.0	0.0	0.0	0.0	0.0	0.0	0.0	0.0	0.0	0.0	0.0	
JUJ_10725	0.0	0.0	0.0	0.0	0.0	0.0	0.0	0.0	0.0	0.0	19.0	0.0	0.0	0.0	0.0	4.0	0.0	0.0	0.0	0.0	
JUJ_16545	0.0	0.0	0.0	0.0	0.0	0.0	0.0	0.0	0.0	0.0	1.0	0.0	0.0	0.0	3.0	0.0	0.0	0.0	0.0	0.0	
JUJ_14164	0.0	0.0	0.0	0.0	0.0	0.0	0.0	0.0	0.0	0.0	0.0	0.0	0.0	0.0	0.0	0.0	0.0	0.0	0.0	0.0	
JUJ_18297	0.0	0.0	0.0	0.0	0.0	0.0	0.0	0.0	0.0	0.0	0.0	0.0	0.0	0.0	0.0	0.0	0.0	0.0	0.0	0.0	
JUJ_3648	0.0	0.0	0.0	0.0	0.0	0.0	0.0	0.0	0.0	0.0	56.0	188.0	1.0	4.0	0.0	0.0	0.0	0.0	0.0	0.0	
JUJ_4554	0.0	0.0	0.0	0.0	0.0	0.0	0.0	0.0	0.0	0.0	0.0	0.0	0.0	0.0	0.0	0.0	0.0	0.0	0.0	0.0	
JUJ_11768	0.0	0.0	0.0	0.0	0.0	0.0	0.0	0.0	0.0	0.0	0.0	0.0	6.0	0.0	0.0	0.0	0.0	0.0	0.0	0.0	
JUJ_421	0.0	0.0	0.0	0.0	0.0	0.0	0.0	0.0	0.0	0.0	0.0	0.0	0.0	0.0	0.0	0.0	0.0	0.0	0.0	0.0	
JUJ_2013	0.0	0.0	0.0	0.0	0.0	0.0	0.0	0.0	0.0	0.0	0.0	0.0	0.0	0.0	0.0	0.0	0.0	0.0	0.0	0.0	
JUJ_17677	0.0	0.0	0.0	0.0	0.0	0.0	0.0	0.0	0.0	0.0	0.0	44.0	0.0	0.0	0.0	0.0	0.0	0.0	0.0	0.0	
JUJ_18072	0.0	0.0	0.0	0.0	0.0	0.0	0.0	0.0	0.0	0.0	0.0	0.0	25.0	28.0	0.0	0.0	0.0	0.0	0.0	0.0	
JUJ_7481	0.0	0.0	0.0	0.0	0.0	0.0	0.0	0.0	0.0	0.0	0.0	0.0	0.0	0.0	0.0	1.0	0.0	0.0	0.0	0.0	
JUJ_569	0.0	0.0	0.0	0.0	0.0	0.0	0.0	0.0	0.0	0.0	0.0	0.0	0.0	0.0	0.0	0.0	0.0	0.0	0.0	0.0	
JUJ_18054	0.0	0.0	0.0	0.0	0.0	0.0	0.0	0.0	0.0	0.0	0.0	0.0	0.0	0.0	0.0	0.0	0.0	0.0	0.0	0.0	
JUJ_18329	0.0	0.0	0.0	0.0	0.0	0.0	0.0	0.0	0.0	0.0	0.0	0.0	0.0	0.0	0.0	0.0	0.0	0.0	0.0	0.0	
JUJ_11720	0.0	0.0	0.0	0.0	0.0	0.0	0.0	0.0	0.0	0.0	8.0	50.0	0.0	0.0	0.0	0.0	0.0	0.0	0.0	0.0	
JUJ_15444	0.0	0.0	0.0	0.0	0.0	0.0	0.0	0.0	0.0	0.0	0.0	0.0	0.0	0.0	0.0	7.0	0.0	0.0	0.0	0.0	
JUJ_11618	0.0	0.0	0.0	0.0	0.0	0.0	0.0	0.0	0.0	0.0	0.0	0.0	73.0	0.0	0.0	0.0	0.0	0.0	0.0	0.0	
JUJ_19987	0.0	0.0	0.0	0.0	0.0	0.0	0.0	0.0	0.0	0.0	0.0	0.0	0.0	0.0	0.0	0.0	0.0	0.0	0.0	0.0	
JUJ_16536	0.0	0.0	0.0	0.0	0.0	0.0	0.0	0.0	0.0	0.0	0.0	0.0	0.0	0.0	0.0	0.0	0.0	0.0	0.0	0.0	
JUJ_16501	0.0	0.0	0.0	0.0	0.0	0.0	0.0	0.0	0.0	0.0	0.0	0.0	0.0	0.0	0.0	0.0	0.0	0.0	0.0	0.0	
JUJ_1330	0.0	0.0	0.0	0.0	0.0	0.0	0.0	0.0	0.0	0.0	0.0	642.0	0.0	0.0	0.0	0.0	0.0	0.0	0.0	0.0	
JUJ_18192	0.0	0.0	0.0	0.0	0.0	0.0	0.0	0.0	0.0	0.0	0.0	0.0	0.0	0.0	0.0	0.0	0.0	0.0	0.0	0.0	
JUJ_9753	0.0	0.0	0.0	0.0	0.0	0.0	0.0	0.0	0.0	0.0	0.0	0.0	0.0	0.0	0.0	0.0	0.0	0.0	0.0	0.0	
JUJ_19042	0.0	0.0	0.0	0.0	0.0	0.0	0.0	0.0	0.0	0.0	0.0	0.0	0.0	0.0	0.0	0.0	0.0	0.0	0.0	0.0	
JUJ_6942	0.0	0.0	0.0	0.0	0.0	0.0	0.0	0.0	0.0	0.0	1.0	0.0	0.0	0.0	0.0	0.0	0.0	0.0	0.0	0.0	
JUJ_18010	0.0	0.0	0.0	0.0	0.0	0.0	0.0	0.0	0.0	11.0	0.0	1.0	0.0	39.0	0.0	11.0	0.0	0.0	0.0	0.0	
JUJ_1921	0.0	0.0	0.0	0.0	0.0	0.0	0.0	0.0	0.0	0.0	0.0	0.0	0.0	0.0	0.0	0.0	0.0	0.0	0.0	0.0	
JUJ_1737	0.0	0.0	0.0	0.0	0.0	0.0	0.0	0.0	0.0	0.0	0.0	0.0	0.0	0.0	0.0	0.0	0.0	0.0	0.0	0.0	
JUJ_9269	0.0	0.0	0.0	0.0	0.0	0.0	0.0	0.0	0.0	0.0	0.0	0.0	0.0	0.0	0.0	0.0	0.0	0.0	0.0	0.0	
JUJ_6843	0.0	0.0	0.0	0.0	0.0	0.0	0.0	0.0	0.0	0.0	0.0	0.0	2.0	0.0	0.0	0.0	0.0	0.0	0.0	0.0	
JUJ_18259	0.0	0.0	0.0	0.0	0.0	0.0	0.0	0.0	0.0	0.0	0.0	0.0	0.0	0.0	0.0	0.0	0.0	0.0	0.0	0.0	
JUJ_2187	0.0	0.0	0.0	0.0	0.0	0.0	0.0	0.0	0.0	0.0	0.0	0.0	0.0	0.0	0.0	0.0	0.0	0.0	0.0	0.0	
JUJ_12877	0.0	0.0	0.0	0.0	0.0	0.0	0.0	0.0	0.0	0.0	0.0	0.0	0.0	0.0	0.0	0.0	0.0	0.0	0.0	0.0	
JUJ_14445	0.0	0.0	0.0	0.0	0.0	0.0	0.0	0.0	0.0	0.0	0.0	0.0	0.0	0.0	1.0	0.0	0.0	0.0	0.0	0.0	
JUJ_1438	0.0	0.0	0.0	0.0	0.0	0.0	0.0	0.0	0.0	3.0	0.0	1.0	34.0	0.0	0.0	0.0	0.0	0.0	0.0	0.0	
JUJ_23558	0.0	0.0	0.0	0.0	0.0	0.0	0.0	0.0	0.0	0.0	0.0	0.0	0.0	0.0	0.0	0.0	0.0	0.0	0.0	0.0	
JUJ_15361	0.0	0.0	0.0	0.0	0.0	0.0	0.0	0.0	0.0	0.0	0.0	0.0	0.0	0.0	0.0	0.0	0.0	0.0	0.0	0.0	
JUJ_12027	0.0	0.0	0.0	0.0	0.0	0.0	0.0	0.0	0.0	0.0	7.0	0.0	1.0	0.0	0.0	0.0	0.0	0.0	0.0	0.0	
JUJ_11913	0.0	0.0	0.0	0.0	0.0	0.0	0.0	0.0	0.0	17.0	5.0	3.0	2.0	0.0	0.0	1.0	0.0	0.0	0.0	0.0	
JUJ_12241	0.0	0.0	0.0	0.0	0.0	0.0	0.0	0.0	0.0	0.0	0.0	0.0	0.0	5.0	3.0	5.0	0.0	0.0	0.0	0.0	
JUJ_6840	0.0	0.0	0.0	0.0	0.0	0.0	0.0	0.0	0.0	0.0	0.0	0.0	0.0	0.0	0.0	0.0	0.0	0.0	0.0	0.0	
JUJ_2384	0.0	0.0	0.0	0.0	0.0	0.0	0.0	0.0	0.0	0.0	0.0	0.0	0.0	0.0	0.0	0.0	0.0	0.0	0.0	0.0	
JUJ_23313	0.0	0.0	0.0	0.0	0.0	0.0	0.0	0.0	1.0	0.0	28.0	12.0	4.0	0.0	0.0	0.0	0.0	0.0	0.0	0.0	
JUJ_18429	0.0	0.0	0.0	0.0	0.0	0.0	0.0	0.0	0.0	0.0	0.0	0.0	0.0	0.0	0.0	0.0	0.0	0.0	0.0	0.0	
JUJ_20932	0.0	0.0	0.0	0.0	0.0	0.0	0.0	0.0	0.0	0.0	0.0	0.0	0.0	0.0	0.0	0.0	0.0	0.0	0.0	0.0	
JUJ_5274	0.0	0.0	0.0	0.0	0.0	0.0	0.0	0.0	0.0	0.0	0.0	0.0	0.0	0.0	0.0	1.0	0.0	0.0	0.0	0.0	
JUJ_1880	0.0	0.0	0.0	0.0	0.0	0.0	0.0	0.0	0.0	0.0	0.0	0.0	0.0	0.0	1.0	0.0	0.0	0.0	0.0	0.0	
JUJ_1831	0.0	0.0	0.0	0.0	0.0	0.0	0.0	0.0	0.0	0.0	0.0	0.0	0.0	0.0	0.0	0.0	0.0	0.0	0.0	0.0	
JUJ_6072	0.0	0.0	0.0	0.0	0.0	0.0	0.0	0.0	0.0	0.0	0.0	20.0	0.0	0.0	0.0	1.0	0.0	0.0	0.0	0.0	
JUJ_1981	0.0	0.0	0.0	0.0	0.0	0.0	0.0	0.0	0.0	0.0	0.0	0.0	0.0	0.0	0.0	0.0	0.0	0.0	0.0	0.0	
JUJ_21011	0.0	0.0	0.0	0.0	0.0	0.0	0.0	0.0	0.0	0.0	0.0	0.0	0.0	0.0	0.0	0.0	0.0	0.0	0.0	0.0	
JUJ_9778	0.0	0.0	0.0	0.0	0.0	0.0	0.0	0.0	0.0	0.0	0.0	0.0	1.0	0.0	0.0	0.0	0.0	0.0	0.0	0.0	
JUJ_13735	0.0	0.0	0.0	0.0	0.0	0.0	0.0	0.0	0.0	1.0	0.0	1.0	0.0	0.0	0.0	0.0	0.0	0.0	0.0	0.0	
JUJ_2020	0.0	0.0	0.0	0.0	0.0	0.0	0.0	0.0	0.0	0.0	0.0	36.0	0.0	0.0	0.0	0.0	0.0	0.0	0.0	0.0	
JUJ_1771	0.0	0.0	0.0	0.0	0.0	0.0	0.0	0.0	0.0	0.0	0.0	0.0	0.0	0.0	0.0	0.0	0.0	0.0	0.0	0.0	
JUJ_12353	0.0	0.0	0.0	0.0	0.0	0.0	0.0	0.0	0.0	0.0	0.0	0.0	0.0	0.0	0.0	0.0	0.0	0.0	0.0	0.0	
JUJ_1731	0.0	0.0	0.0	0.0	0.0	0.0	0.0	0.0	0.0	0.0	0.0	253.0	0.0	0.0	0.0	0.0	0.0	0.0	0.0	0.0	
JUJ_4377	0.0	0.0	0.0	0.0	0.0	0.0	0.0	0.0	0.0	0.0	0.0	0.0	0.0	0.0	0.0	0.0	0.0	0.0	0.0	0.0	
JUJ_4407	0.0	0.0	0.0	0.0	0.0	0.0	0.0	0.0	0.0	0.0	0.0	0.0	0.0	0.0	0.0	0.0	0.0	0.0	0.0	0.0	
JUJ_13931	0.0	0.0	0.0	0.0	0.0	0.0	0.0	0.0	0.0	0.0	17.0	0.0	0.0	0.0	0.0	0.0	0.0	0.0	0.0	0.0	
JUJ_11683	0.0	0.0	0.0	0.0	0.0	0.0	0.0	0.0	0.0	0.0	0.0	1.0	0.0	0.0	1.0	0.0	0.0	0.0	0.0	0.0	
JUJ_1753	0.0	0.0	0.0	0.0	0.0	0.0	0.0	0.0	0.0	0.0	0.0	0.0	0.0	0.0	0.0	0.0	0.0	0.0	0.0	0.0	
JUJ_7365	0.0	0.0	0.0	0.0	0.0	0.0	0.0	0.0	0.0	0.0	0.0	0.0	0.0	0.0	0.0	0.0	0.0	0.0	0.0	0.0	
JUJ_5213	0.0	0.0	0.0	0.0	0.0	0.0	0.0	0.0	0.0	0.0	0.0	0.0	0.0	2.0	1.0	8.0	0.0	0.0	0.0	0.0	
JUJ_16544	0.0	0.0	0.0	0.0	0.0	0.0	0.0	0.0	0.0	0.0	1.0	0.0	0.0	0.0	0.0	0.0	0.0	0.0	0.0	0.0	
JUJ_18343	0.0	0.0	0.0	0.0	0.0	0.0	0.0	0.0	0.0	0.0	0.0	0.0	0.0	0.0	0.0	0.0	0.0	0.0	0.0	0.0	
JUJ_1956	0.0	0.0	0.0	0.0	0.0	0.0	0.0	0.0	0.0	0.0	0.0	0.0	6.0	0.0	1.0	0.0	0.0	0.0	0.0	0.0	
JUJ_18720	0.0	0.0	0.0	0.0	0.0	0.0	0.0	0.0	0.0	0.0	0.0	0.0	0.0	0.0	0.0	0.0	0.0	0.0	0.0	0.0	
JUJ_18692	0.0	0.0	0.0	0.0	0.0	0.0	0.0	0.0	0.0	0.0	0.0	0.0	0.0	0.0	0.0	6.0	0.0	0.0	0.0	0.0	
JUJ_11554	0.0	0.0	0.0	0.0	0.0	0.0	0.0	0.0	0.0	9.0	0.0	0.0	0.0	0.0	0.0	0.0	0.0	0.0	0.0	0.0	
JUJ_13099	0.0	0.0	0.0	0.0	0.0	0.0	0.0	0.0	0.0	1.0	4.0	43.0	3.0	0.0	0.0	16.0	0.0	0.0	0.0	0.0	
JUJ_15142	0.0	0.0	0.0	0.0	0.0	0.0	0.0	0.0	0.0	0.0	0.0	0.0	0.0	0.0	0.0	0.0	0.0	0.0	0.0	0.0	
JUJ_15190	0.0	0.0	0.0	0.0	0.0	0.0	0.0	0.0	0.0	0.0	0.0	0.0	0.0	0.0	0.0	0.0	0.0	0.0	0.0	0.0	
JUJ_13798	0.0	0.0	0.0	0.0	0.0	0.0	0.0	0.0	0.0	0.0	0.0	0.0	0.0	0.0	0.0	0.0	0.0	0.0	0.0	0.0	
JUJ_7054	0.0	0.0	0.0	0.0	0.0	0.0	0.0	0.0	0.0	0.0	0.0	1.0	0.0	0.0	0.0	0.0	0.0	0.0	0.0	0.0	
JUJ_15263	0.0	0.0	0.0	0.0	0.0	0.0	0.0	0.0	0.0	0.0	0.0	46.0	0.0	0.0	0.0	0.0	0.0	0.0	0.0	0.0	
JUJ_7226	0.0	0.0	0.0	0.0	0.0	0.0	0.0	0.0	0.0	0.0	0.0	0.0	0.0	0.0	0.0	0.0	0.0	0.0	0.0	0.0	
JUJ_16570	0.0	0.0	0.0	0.0	0.0	0.0	0.0	0.0	0.0	75.0	0.0	0.0	0.0	0.0	0.0	0.0	0.0	0.0	0.0	0.0	
JUJ_13779	0.0	0.0	0.0	0.0	0.0	0.0	0.0	0.0	0.0	0.0	0.0	0.0	0.0	0.0	0.0	0.0	0.0	0.0	0.0	0.0	
JUJ_18562	0.0	0.0	0.0	0.0	0.0	0.0	0.0	0.0	0.0	0.0	0.0	0.0	0.0	0.0	0.0	0.0	0.0	0.0	0.0	0.0	
JUJ_1328	0.0	0.0	0.0	0.0	0.0	0.0	0.0	0.0	17.0	0.0	0.0	51.0	0.0	53.0	1.0	1.0	0.0	0.0	0.0	0.0	
JUJ_6174	0.0	0.0	0.0	0.0	0.0	0.0	0.0	0.0	0.0	0.0	0.0	0.0	0.0	0.0	0.0	0.0	0.0	0.0	0.0	0.0	
JUJ_8054	0.0	0.0	0.0	0.0	0.0	0.0	0.0	0.0	0.0	0.0	0.0	0.0	0.0	0.0	0.0	11.0	0.0	0.0	0.0	0.0	
JUJ_15109	0.0	0.0	0.0	0.0	0.0	0.0	0.0	0.0	0.0	24.0	5.0	0.0	0.0	0.0	0.0	0.0	0.0	0.0	0.0	0.0	
JUJ_863	0.0	0.0	0.0	0.0	0.0	0.0	0.0	0.0	0.0	0.0	24.0	0.0	1.0	0.0	1.0	0.0	0.0	0.0	0.0	0.0	
JUJ_23292	0.0	0.0	0.0	0.0	0.0	0.0	0.0	0.0	0.0	0.0	0.0	0.0	0.0	0.0	0.0	0.0	0.0	0.0	0.0	0.0	
JUJ_12831	0.0	0.0	0.0	0.0	0.0	0.0	0.0	0.0	0.0	0.0	0.0	47.0	0.0	0.0	0.0	0.0	0.0	0.0	0.0	0.0	
JUJ_20327	0.0	0.0	0.0	0.0	0.0	0.0	0.0	0.0	0.0	35.0	0.0	0.0	1.0	0.0	0.0	0.0	0.0	0.0	0.0	0.0	
JUJ_14531	0.0	0.0	0.0	0.0	0.0	0.0	0.0	0.0	0.0	0.0	24.0	0.0	0.0	0.0	0.0	0.0	0.0	0.0	0.0	0.0	
JUJ_17621	0.0	0.0	0.0	0.0	0.0	0.0	0.0	0.0	0.0	0.0	0.0	0.0	0.0	0.0	0.0	0.0	0.0	0.0	0.0	0.0	
JUJ_15314	0.0	0.0	0.0	0.0	0.0	0.0	0.0	0.0	0.0	3.0	0.0	268.0	0.0	0.0	0.0	0.0	0.0	0.0	0.0	0.0	
JUJ_12703	0.0	0.0	0.0	0.0	0.0	0.0	0.0	0.0	0.0	0.0	231.0	47.0	8.0	42.0	0.0	6.0	0.0	0.0	0.0	0.0	
JUJ_2061	0.0	0.0	0.0	0.0	0.0	0.0	0.0	0.0	0.0	36.0	0.0	0.0	0.0	0.0	0.0	0.0	0.0	0.0	0.0	0.0	
JUJ_11623	0.0	0.0	0.0	0.0	0.0	0.0	0.0	0.0	0.0	17.0	2.0	45.0	7.0	0.0	0.0	6.0	0.0	0.0	0.0	0.0	
JUJ_17923	0.0	0.0	0.0	0.0	0.0	0.0	0.0	0.0	0.0	0.0	0.0	0.0	0.0	0.0	0.0	0.0	0.0	0.0	0.0	0.0	
JUJ_18117	0.0	0.0	0.0	0.0	0.0	0.0	0.0	0.0	0.0	0.0	0.0	0.0	0.0	0.0	0.0	0.0	0.0	0.0	0.0	0.0	
JUJ_8154	0.0	0.0	0.0	0.0	0.0	0.0	0.0	0.0	0.0	0.0	0.0	0.0	0.0	0.0	0.0	0.0	0.0	0.0	0.0	0.0	
JUJ_7042	0.0	0.0	0.0	0.0	0.0	0.0	0.0	0.0	0.0	0.0	0.0	0.0	0.0	0.0	0.0	0.0	0.0	0.0	0.0	0.0	
JUJ_11621	0.0	0.0	0.0	0.0	0.0	0.0	0.0	0.0	0.0	0.0	0.0	0.0	2.0	0.0	0.0	0.0	0.0	0.0	0.0	0.0	
JUJ_4347	0.0	0.0	0.0	0.0	0.0	0.0	0.0	0.0	0.0	0.0	0.0	0.0	0.0	0.0	0.0	0.0	0.0	0.0	0.0	0.0	
JUJ_19949	0.0	0.0	0.0	0.0	0.0	0.0	0.0	0.0	0.0	0.0	0.0	0.0	0.0	0.0	0.0	0.0	0.0	0.0	0.0	0.0	
JUJ_1928	0.0	0.0	0.0	0.0	0.0	0.0	0.0	0.0	0.0	0.0	0.0	0.0	0.0	0.0	0.0	0.0	0.0	0.0	0.0	0.0	
JUJ_18074	0.0	0.0	0.0	0.0	0.0	0.0	0.0	0.0	0.0	0.0	0.0	0.0	0.0	0.0	0.0	0.0	0.0	0.0	0.0	0.0	
JUJ_19576	0.0	0.0	0.0	0.0	0.0	0.0	0.0	0.0	0.0	0.0	0.0	0.0	0.0	0.0	0.0	0.0	0.0	0.0	0.0	0.0	
JUJ_7590	0.0	0.0	0.0	0.0	0.0	0.0	0.0	0.0	0.0	0.0	0.0	0.0	0.0	0.0	0.0	0.0	0.0	0.0	0.0	0.0	
JUJ_11761	0.0	0.0	0.0	0.0	0.0	0.0	0.0	0.0	0.0	0.0	4.0	31.0	0.0	0.0	0.0	0.0	0.0	0.0	0.0	0.0	
JUJ_2506	0.0	0.0	0.0	0.0	0.0	0.0	0.0	0.0	0.0	0.0	0.0	0.0	0.0	0.0	0.0	0.0	0.0	0.0	0.0	0.0	
JUJ_4366	0.0	0.0	0.0	0.0	0.0	0.0	0.0	0.0	0.0	0.0	0.0	15.0	0.0	0.0	0.0	0.0	0.0	0.0	0.0	0.0	
JUJ_4381	0.0	0.0	0.0	0.0	0.0	0.0	0.0	0.0	0.0	0.0	0.0	0.0	0.0	0.0	1.0	0.0	0.0	0.0	0.0	0.0	
JUJ_18858	0.0	0.0	0.0	0.0	0.0	0.0	0.0	0.0	0.0	0.0	0.0	0.0	0.0	0.0	0.0	0.0	0.0	0.0	0.0	0.0	
JUJ_2548	0.0	0.0	0.0	0.0	0.0	0.0	0.0	0.0	0.0	29.0	0.0	0.0	5.0	0.0	0.0	0.0	0.0	0.0	0.0	0.0	
JUJ_20847	0.0	0.0	0.0	0.0	0.0	0.0	0.0	0.0	0.0	0.0	1.0	0.0	65.0	0.0	0.0	0.0	0.0	0.0	0.0	0.0	
JUJ_1787	0.0	0.0	0.0	0.0	0.0	0.0	0.0	0.0	0.0	0.0	0.0	0.0	0.0	17.0	0.0	0.0	0.0	0.0	0.0	0.0	
JUJ_1837	0.0	0.0	0.0	0.0	0.0	0.0	0.0	0.0	0.0	0.0	0.0	0.0	0.0	0.0	0.0	0.0	0.0	0.0	0.0	0.0	
JUJ_7027	0.0	0.0	0.0	0.0	0.0	0.0	0.0	0.0	0.0	0.0	0.0	0.0	0.0	0.0	0.0	0.0	0.0	0.0	0.0	0.0	
JUJ_12819	0.0	0.0	0.0	0.0	0.0	0.0	0.0	0.0	0.0	0.0	7.0	20.0	0.0	0.0	0.0	0.0	0.0	0.0	0.0	0.0	
JUJ_9803	0.0	0.0	0.0	0.0	0.0	0.0	0.0	0.0	0.0	0.0	0.0	0.0	0.0	0.0	0.0	0.0	0.0	0.0	0.0	0.0	
JUJ_4341	0.0	0.0	0.0	0.0	0.0	0.0	0.0	0.0	0.0	0.0	0.0	0.0	0.0	0.0	0.0	0.0	0.0	0.0	0.0	0.0	
JUJ_12536	0.0	0.0	0.0	0.0	0.0	0.0	0.0	0.0	0.0	0.0	2.0	0.0	0.0	0.0	21.0	0.0	0.0	0.0	0.0	0.0	
JUJ_19522	0.0	0.0	0.0	0.0	0.0	0.0	0.0	0.0	0.0	0.0	0.0	0.0	0.0	0.0	0.0	0.0	0.0	0.0	0.0	0.0	
JUJ_21227	0.0	0.0	0.0	0.0	0.0	0.0	0.0	0.0	0.0	0.0	1.0	0.0	0.0	0.0	0.0	0.0	0.0	0.0	0.0	0.0	
JUJ_12805	0.0	0.0	0.0	0.0	0.0	0.0	0.0	0.0	0.0	2.0	0.0	1.0	0.0	0.0	0.0	0.0	0.0	0.0	0.0	0.0	
JUJ_7996	0.0	0.0	0.0	0.0	0.0	0.0	0.0	0.0	0.0	0.0	0.0	0.0	0.0	0.0	0.0	0.0	0.0	0.0	0.0	0.0	
JUJ_21215	0.0	0.0	0.0	0.0	0.0	0.0	0.0	0.0	0.0	0.0	0.0	0.0	0.0	0.0	0.0	0.0	0.0	0.0	0.0	0.0	
JUJ_17890	0.0	0.0	0.0	0.0	0.0	0.0	0.0	0.0	0.0	35.0	2.0	46.0	0.0	0.0	0.0	4.0	0.0	0.0	0.0	0.0	
JUJ_18125	0.0	0.0	0.0	0.0	0.0	0.0	0.0	0.0	0.0	0.0	0.0	0.0	0.0	0.0	0.0	0.0	0.0	0.0	0.0	0.0	
JUJ_11675	0.0	0.0	0.0	0.0	0.0	0.0	0.0	0.0	0.0	0.0	0.0	0.0	0.0	0.0	0.0	0.0	0.0	0.0	0.0	0.0	
JUJ_9912	0.0	0.0	0.0	0.0	0.0	0.0	0.0	0.0	0.0	0.0	2.0	41.0	0.0	0.0	0.0	0.0	0.0	0.0	0.0	0.0	
JUJ_3340	0.0	0.0	0.0	0.0	0.0	0.0	0.0	0.0	0.0	1.0	13.0	0.0	0.0	0.0	0.0	4.0	0.0	0.0	0.0	0.0	
JUJ_12046	0.0	0.0	0.0	0.0	0.0	0.0	0.0	0.0	0.0	19.0	21.0	0.0	4.0	1.0	0.0	0.0	0.0	0.0	0.0	0.0	
JUJ_1976	0.0	0.0	0.0	0.0	0.0	0.0	0.0	0.0	0.0	0.0	0.0	0.0	0.0	0.0	0.0	0.0	0.0	0.0	0.0	0.0	
JUJ_17218	0.0	0.0	0.0	0.0	0.0	0.0	0.0	0.0	0.0	0.0	0.0	0.0	0.0	0.0	0.0	0.0	0.0	0.0	0.0	0.0	
JUJ_12028	0.0	0.0	0.0	0.0	0.0	0.0	0.0	0.0	0.0	0.0	2.0	0.0	0.0	2.0	0.0	3.0	0.0	0.0	0.0	0.0	
JUJ_16560	0.0	0.0	0.0	0.0	0.0	0.0	0.0	0.0	0.0	0.0	2.0	0.0	0.0	0.0	0.0	0.0	0.0	0.0	0.0	0.0	
<----Bye Bye ------->
